1.000000000000000000e+00
1.100000000000000000e+01
2.100000000000000000e+01
3.100000000000000000e+01
4.100000000000000000e+01
5.100000000000000000e+01
6.100000000000000000e+01
6.700000000000000000e+01
7.700000000000000000e+01
8.700000000000000000e+01
9.700000000000000000e+01
1.070000000000000000e+02
1.170000000000000000e+02
1.270000000000000000e+02
1.330000000000000000e+02
1.430000000000000000e+02
1.530000000000000000e+02
1.630000000000000000e+02
1.730000000000000000e+02
1.830000000000000000e+02
1.930000000000000000e+02
1.990000000000000000e+02
2.090000000000000000e+02
2.190000000000000000e+02
2.290000000000000000e+02
2.390000000000000000e+02
2.490000000000000000e+02
2.590000000000000000e+02
2.650000000000000000e+02
2.750000000000000000e+02
2.850000000000000000e+02
2.950000000000000000e+02
3.050000000000000000e+02
3.150000000000000000e+02
3.250000000000000000e+02
3.310000000000000000e+02
3.410000000000000000e+02
3.510000000000000000e+02
3.610000000000000000e+02
3.710000000000000000e+02
3.810000000000000000e+02
3.910000000000000000e+02
3.970000000000000000e+02
4.070000000000000000e+02
4.170000000000000000e+02
4.270000000000000000e+02
4.370000000000000000e+02
4.470000000000000000e+02
4.570000000000000000e+02
4.630000000000000000e+02
4.730000000000000000e+02
4.830000000000000000e+02
4.930000000000000000e+02
5.030000000000000000e+02
5.130000000000000000e+02
5.230000000000000000e+02
5.290000000000000000e+02
5.390000000000000000e+02
5.490000000000000000e+02
5.590000000000000000e+02
5.690000000000000000e+02
5.790000000000000000e+02
5.890000000000000000e+02
5.950000000000000000e+02
6.050000000000000000e+02
6.150000000000000000e+02
6.250000000000000000e+02
6.350000000000000000e+02
6.450000000000000000e+02
6.550000000000000000e+02
6.610000000000000000e+02
6.710000000000000000e+02
6.810000000000000000e+02
6.910000000000000000e+02
7.010000000000000000e+02
7.110000000000000000e+02
7.210000000000000000e+02
7.270000000000000000e+02
7.370000000000000000e+02
7.470000000000000000e+02
7.570000000000000000e+02
7.670000000000000000e+02
7.770000000000000000e+02
7.870000000000000000e+02
7.930000000000000000e+02
8.030000000000000000e+02
8.130000000000000000e+02
8.230000000000000000e+02
8.330000000000000000e+02
8.430000000000000000e+02
8.530000000000000000e+02
8.590000000000000000e+02
8.690000000000000000e+02
8.790000000000000000e+02
8.890000000000000000e+02
8.990000000000000000e+02
9.090000000000000000e+02
9.190000000000000000e+02
9.250000000000000000e+02
9.350000000000000000e+02
9.450000000000000000e+02
9.550000000000000000e+02
9.650000000000000000e+02
9.750000000000000000e+02
9.850000000000000000e+02
9.910000000000000000e+02
1.001000000000000000e+03
1.011000000000000000e+03
1.021000000000000000e+03
1.031000000000000000e+03
1.041000000000000000e+03
1.051000000000000000e+03
1.057000000000000000e+03
1.067000000000000000e+03
1.077000000000000000e+03
1.087000000000000000e+03
1.097000000000000000e+03
1.107000000000000000e+03
1.117000000000000000e+03
1.123000000000000000e+03
1.133000000000000000e+03
1.143000000000000000e+03
1.153000000000000000e+03
1.163000000000000000e+03
1.173000000000000000e+03
1.183000000000000000e+03
1.189000000000000000e+03
1.199000000000000000e+03
1.209000000000000000e+03
1.219000000000000000e+03
1.229000000000000000e+03
1.239000000000000000e+03
1.249000000000000000e+03
1.255000000000000000e+03
1.265000000000000000e+03
1.275000000000000000e+03
1.285000000000000000e+03
1.295000000000000000e+03
1.305000000000000000e+03
1.315000000000000000e+03
1.321000000000000000e+03
1.331000000000000000e+03
1.341000000000000000e+03
1.351000000000000000e+03
1.361000000000000000e+03
1.371000000000000000e+03
1.381000000000000000e+03
1.387000000000000000e+03
1.397000000000000000e+03
1.407000000000000000e+03
1.417000000000000000e+03
1.427000000000000000e+03
1.437000000000000000e+03
1.447000000000000000e+03
1.453000000000000000e+03
1.463000000000000000e+03
1.473000000000000000e+03
1.483000000000000000e+03
1.493000000000000000e+03
1.503000000000000000e+03
1.513000000000000000e+03
1.519000000000000000e+03
1.529000000000000000e+03
1.539000000000000000e+03
1.549000000000000000e+03
1.559000000000000000e+03
1.569000000000000000e+03
1.579000000000000000e+03
1.585000000000000000e+03
1.595000000000000000e+03
1.605000000000000000e+03
1.615000000000000000e+03
1.625000000000000000e+03
1.635000000000000000e+03
1.645000000000000000e+03
1.651000000000000000e+03
1.661000000000000000e+03
1.671000000000000000e+03
1.681000000000000000e+03
1.691000000000000000e+03
1.701000000000000000e+03
1.711000000000000000e+03
1.717000000000000000e+03
1.727000000000000000e+03
1.737000000000000000e+03
1.747000000000000000e+03
1.757000000000000000e+03
1.767000000000000000e+03
1.777000000000000000e+03
1.783000000000000000e+03
1.793000000000000000e+03
1.803000000000000000e+03
1.813000000000000000e+03
1.823000000000000000e+03
1.833000000000000000e+03
1.843000000000000000e+03
1.849000000000000000e+03
1.859000000000000000e+03
1.869000000000000000e+03
1.879000000000000000e+03
1.889000000000000000e+03
1.899000000000000000e+03
1.909000000000000000e+03
1.915000000000000000e+03
1.925000000000000000e+03
1.935000000000000000e+03
1.945000000000000000e+03
1.955000000000000000e+03
1.965000000000000000e+03
1.975000000000000000e+03
1.981000000000000000e+03
1.991000000000000000e+03
2.001000000000000000e+03
2.011000000000000000e+03
2.021000000000000000e+03
2.031000000000000000e+03
2.041000000000000000e+03
2.047000000000000000e+03
2.057000000000000000e+03
2.067000000000000000e+03
2.077000000000000000e+03
2.087000000000000000e+03
2.097000000000000000e+03
2.107000000000000000e+03
2.113000000000000000e+03
2.123000000000000000e+03
2.133000000000000000e+03
2.143000000000000000e+03
2.153000000000000000e+03
2.163000000000000000e+03
2.173000000000000000e+03
2.179000000000000000e+03
2.189000000000000000e+03
2.199000000000000000e+03
2.209000000000000000e+03
2.219000000000000000e+03
2.229000000000000000e+03
2.239000000000000000e+03
2.245000000000000000e+03
2.255000000000000000e+03
2.265000000000000000e+03
2.275000000000000000e+03
2.285000000000000000e+03
2.295000000000000000e+03
2.305000000000000000e+03
2.311000000000000000e+03
2.321000000000000000e+03
2.331000000000000000e+03
2.341000000000000000e+03
2.351000000000000000e+03
2.361000000000000000e+03
2.371000000000000000e+03
2.377000000000000000e+03
2.387000000000000000e+03
2.397000000000000000e+03
2.407000000000000000e+03
2.417000000000000000e+03
2.427000000000000000e+03
2.437000000000000000e+03
2.443000000000000000e+03
2.453000000000000000e+03
2.463000000000000000e+03
2.473000000000000000e+03
2.483000000000000000e+03
2.493000000000000000e+03
2.503000000000000000e+03
2.509000000000000000e+03
2.519000000000000000e+03
2.529000000000000000e+03
2.539000000000000000e+03
2.549000000000000000e+03
2.559000000000000000e+03
2.569000000000000000e+03
2.575000000000000000e+03
2.585000000000000000e+03
2.595000000000000000e+03
2.605000000000000000e+03
2.615000000000000000e+03
2.625000000000000000e+03
2.635000000000000000e+03
2.641000000000000000e+03
2.651000000000000000e+03
2.661000000000000000e+03
2.671000000000000000e+03
2.681000000000000000e+03
2.691000000000000000e+03
2.701000000000000000e+03
2.707000000000000000e+03
2.717000000000000000e+03
2.727000000000000000e+03
2.737000000000000000e+03
2.747000000000000000e+03
2.757000000000000000e+03
2.767000000000000000e+03
2.773000000000000000e+03
2.783000000000000000e+03
2.793000000000000000e+03
2.803000000000000000e+03
2.813000000000000000e+03
2.823000000000000000e+03
2.833000000000000000e+03
2.839000000000000000e+03
2.849000000000000000e+03
2.859000000000000000e+03
2.869000000000000000e+03
2.879000000000000000e+03
2.889000000000000000e+03
2.899000000000000000e+03
2.905000000000000000e+03
2.915000000000000000e+03
2.925000000000000000e+03
2.935000000000000000e+03
2.945000000000000000e+03
2.955000000000000000e+03
2.965000000000000000e+03
2.971000000000000000e+03
2.981000000000000000e+03
2.991000000000000000e+03
3.001000000000000000e+03
3.011000000000000000e+03
3.021000000000000000e+03
3.031000000000000000e+03
3.037000000000000000e+03
3.047000000000000000e+03
3.057000000000000000e+03
3.067000000000000000e+03
3.077000000000000000e+03
3.087000000000000000e+03
3.097000000000000000e+03
3.103000000000000000e+03
3.113000000000000000e+03
3.123000000000000000e+03
3.133000000000000000e+03
3.143000000000000000e+03
3.153000000000000000e+03
3.163000000000000000e+03
3.169000000000000000e+03
3.179000000000000000e+03
3.189000000000000000e+03
3.199000000000000000e+03
3.209000000000000000e+03
3.219000000000000000e+03
3.229000000000000000e+03
3.235000000000000000e+03
3.245000000000000000e+03
3.255000000000000000e+03
3.265000000000000000e+03
3.275000000000000000e+03
3.285000000000000000e+03
3.295000000000000000e+03
3.301000000000000000e+03
3.311000000000000000e+03
3.321000000000000000e+03
3.331000000000000000e+03
3.341000000000000000e+03
3.351000000000000000e+03
3.361000000000000000e+03
3.367000000000000000e+03
3.377000000000000000e+03
3.387000000000000000e+03
3.397000000000000000e+03
3.407000000000000000e+03
3.417000000000000000e+03
3.427000000000000000e+03
3.433000000000000000e+03
3.443000000000000000e+03
3.453000000000000000e+03
3.463000000000000000e+03
3.473000000000000000e+03
3.483000000000000000e+03
3.493000000000000000e+03
3.499000000000000000e+03
3.509000000000000000e+03
3.519000000000000000e+03
3.529000000000000000e+03
3.539000000000000000e+03
3.549000000000000000e+03
3.559000000000000000e+03
3.565000000000000000e+03
3.575000000000000000e+03
3.585000000000000000e+03
3.595000000000000000e+03
3.605000000000000000e+03
3.615000000000000000e+03
3.625000000000000000e+03
3.631000000000000000e+03
3.641000000000000000e+03
3.651000000000000000e+03
3.661000000000000000e+03
3.671000000000000000e+03
3.681000000000000000e+03
3.691000000000000000e+03
3.697000000000000000e+03
3.707000000000000000e+03
3.717000000000000000e+03
3.727000000000000000e+03
3.737000000000000000e+03
3.747000000000000000e+03
3.757000000000000000e+03
3.763000000000000000e+03
3.773000000000000000e+03
3.783000000000000000e+03
3.793000000000000000e+03
3.803000000000000000e+03
3.813000000000000000e+03
3.823000000000000000e+03
3.829000000000000000e+03
3.839000000000000000e+03
3.849000000000000000e+03
3.859000000000000000e+03
3.869000000000000000e+03
3.879000000000000000e+03
3.889000000000000000e+03
3.895000000000000000e+03
3.905000000000000000e+03
3.915000000000000000e+03
3.925000000000000000e+03
3.935000000000000000e+03
3.945000000000000000e+03
3.955000000000000000e+03
3.961000000000000000e+03
3.971000000000000000e+03
3.981000000000000000e+03
3.991000000000000000e+03
4.001000000000000000e+03
4.011000000000000000e+03
4.021000000000000000e+03
4.027000000000000000e+03
4.037000000000000000e+03
4.047000000000000000e+03
4.057000000000000000e+03
4.067000000000000000e+03
4.077000000000000000e+03
4.087000000000000000e+03
4.093000000000000000e+03
4.103000000000000000e+03
4.113000000000000000e+03
4.123000000000000000e+03
4.133000000000000000e+03
4.143000000000000000e+03
4.153000000000000000e+03
4.159000000000000000e+03
4.169000000000000000e+03
4.179000000000000000e+03
4.189000000000000000e+03
4.199000000000000000e+03
4.209000000000000000e+03
4.219000000000000000e+03
4.225000000000000000e+03
4.235000000000000000e+03
4.245000000000000000e+03
4.255000000000000000e+03
4.265000000000000000e+03
4.275000000000000000e+03
4.285000000000000000e+03
4.291000000000000000e+03
4.301000000000000000e+03
4.311000000000000000e+03
4.321000000000000000e+03
4.331000000000000000e+03
4.341000000000000000e+03
4.351000000000000000e+03
4.357000000000000000e+03
4.367000000000000000e+03
4.377000000000000000e+03
4.387000000000000000e+03
4.397000000000000000e+03
4.407000000000000000e+03
4.417000000000000000e+03
4.423000000000000000e+03
4.433000000000000000e+03
4.443000000000000000e+03
4.453000000000000000e+03
4.463000000000000000e+03
4.473000000000000000e+03
4.483000000000000000e+03
4.489000000000000000e+03
4.499000000000000000e+03
4.509000000000000000e+03
4.519000000000000000e+03
4.529000000000000000e+03
4.539000000000000000e+03
4.549000000000000000e+03
4.555000000000000000e+03
4.565000000000000000e+03
4.575000000000000000e+03
4.585000000000000000e+03
4.595000000000000000e+03
4.605000000000000000e+03
4.615000000000000000e+03
4.621000000000000000e+03
4.631000000000000000e+03
4.641000000000000000e+03
4.651000000000000000e+03
4.661000000000000000e+03
4.671000000000000000e+03
4.681000000000000000e+03
4.687000000000000000e+03
4.697000000000000000e+03
4.707000000000000000e+03
4.717000000000000000e+03
4.727000000000000000e+03
4.737000000000000000e+03
4.747000000000000000e+03
4.753000000000000000e+03
4.763000000000000000e+03
4.773000000000000000e+03
4.783000000000000000e+03
4.793000000000000000e+03
4.803000000000000000e+03
4.813000000000000000e+03
4.819000000000000000e+03
4.829000000000000000e+03
4.839000000000000000e+03
4.849000000000000000e+03
4.859000000000000000e+03
4.869000000000000000e+03
4.879000000000000000e+03
4.885000000000000000e+03
4.895000000000000000e+03
4.905000000000000000e+03
4.915000000000000000e+03
4.925000000000000000e+03
4.935000000000000000e+03
4.945000000000000000e+03
4.951000000000000000e+03
4.961000000000000000e+03
4.971000000000000000e+03
4.981000000000000000e+03
4.991000000000000000e+03
5.001000000000000000e+03
5.011000000000000000e+03
5.017000000000000000e+03
5.027000000000000000e+03
5.037000000000000000e+03
5.047000000000000000e+03
5.057000000000000000e+03
5.067000000000000000e+03
5.077000000000000000e+03
5.083000000000000000e+03
5.093000000000000000e+03
5.103000000000000000e+03
5.113000000000000000e+03
5.123000000000000000e+03
5.133000000000000000e+03
5.143000000000000000e+03
5.149000000000000000e+03
5.159000000000000000e+03
5.169000000000000000e+03
5.179000000000000000e+03
5.189000000000000000e+03
5.199000000000000000e+03
5.209000000000000000e+03
5.215000000000000000e+03
5.225000000000000000e+03
5.235000000000000000e+03
5.245000000000000000e+03
5.255000000000000000e+03
5.265000000000000000e+03
5.275000000000000000e+03
5.281000000000000000e+03
5.291000000000000000e+03
5.301000000000000000e+03
5.311000000000000000e+03
5.321000000000000000e+03
5.331000000000000000e+03
5.341000000000000000e+03
5.347000000000000000e+03
5.357000000000000000e+03
5.367000000000000000e+03
5.377000000000000000e+03
5.387000000000000000e+03
5.397000000000000000e+03
5.407000000000000000e+03
5.413000000000000000e+03
5.423000000000000000e+03
5.433000000000000000e+03
5.443000000000000000e+03
5.453000000000000000e+03
5.463000000000000000e+03
5.473000000000000000e+03
5.479000000000000000e+03
5.489000000000000000e+03
5.499000000000000000e+03
5.509000000000000000e+03
5.519000000000000000e+03
5.529000000000000000e+03
5.539000000000000000e+03
5.545000000000000000e+03
5.555000000000000000e+03
5.565000000000000000e+03
5.575000000000000000e+03
5.585000000000000000e+03
5.595000000000000000e+03
5.605000000000000000e+03
5.611000000000000000e+03
5.621000000000000000e+03
5.631000000000000000e+03
5.641000000000000000e+03
5.651000000000000000e+03
5.661000000000000000e+03
5.671000000000000000e+03
5.677000000000000000e+03
5.687000000000000000e+03
5.697000000000000000e+03
5.707000000000000000e+03
5.717000000000000000e+03
5.727000000000000000e+03
5.737000000000000000e+03
5.743000000000000000e+03
5.753000000000000000e+03
5.763000000000000000e+03
5.773000000000000000e+03
5.783000000000000000e+03
5.793000000000000000e+03
5.803000000000000000e+03
5.809000000000000000e+03
5.819000000000000000e+03
5.829000000000000000e+03
5.839000000000000000e+03
5.849000000000000000e+03
5.859000000000000000e+03
5.869000000000000000e+03
5.875000000000000000e+03
5.885000000000000000e+03
5.895000000000000000e+03
5.905000000000000000e+03
5.915000000000000000e+03
5.925000000000000000e+03
5.935000000000000000e+03
5.941000000000000000e+03
5.951000000000000000e+03
5.961000000000000000e+03
5.971000000000000000e+03
5.981000000000000000e+03
5.991000000000000000e+03
6.001000000000000000e+03
6.007000000000000000e+03
6.017000000000000000e+03
6.027000000000000000e+03
6.037000000000000000e+03
6.047000000000000000e+03
6.057000000000000000e+03
6.067000000000000000e+03
6.073000000000000000e+03
6.083000000000000000e+03
6.093000000000000000e+03
6.103000000000000000e+03
6.113000000000000000e+03
6.123000000000000000e+03
6.133000000000000000e+03
6.139000000000000000e+03
6.149000000000000000e+03
6.159000000000000000e+03
6.169000000000000000e+03
6.179000000000000000e+03
6.189000000000000000e+03
6.199000000000000000e+03
6.205000000000000000e+03
6.215000000000000000e+03
6.225000000000000000e+03
6.235000000000000000e+03
6.245000000000000000e+03
6.255000000000000000e+03
6.265000000000000000e+03
6.271000000000000000e+03
6.281000000000000000e+03
6.291000000000000000e+03
6.301000000000000000e+03
6.311000000000000000e+03
6.321000000000000000e+03
6.331000000000000000e+03
6.337000000000000000e+03
6.347000000000000000e+03
6.357000000000000000e+03
6.367000000000000000e+03
6.377000000000000000e+03
6.387000000000000000e+03
6.397000000000000000e+03
6.403000000000000000e+03
6.413000000000000000e+03
6.423000000000000000e+03
6.433000000000000000e+03
6.443000000000000000e+03
6.453000000000000000e+03
6.463000000000000000e+03
6.469000000000000000e+03
6.479000000000000000e+03
6.489000000000000000e+03
6.499000000000000000e+03
6.509000000000000000e+03
6.519000000000000000e+03
6.529000000000000000e+03
6.535000000000000000e+03
6.545000000000000000e+03
6.555000000000000000e+03
6.565000000000000000e+03
6.575000000000000000e+03
6.585000000000000000e+03
6.595000000000000000e+03
6.601000000000000000e+03
6.611000000000000000e+03
6.621000000000000000e+03
6.631000000000000000e+03
6.641000000000000000e+03
6.651000000000000000e+03
6.661000000000000000e+03
6.667000000000000000e+03
6.677000000000000000e+03
6.687000000000000000e+03
6.697000000000000000e+03
6.707000000000000000e+03
6.717000000000000000e+03
6.727000000000000000e+03
6.733000000000000000e+03
6.743000000000000000e+03
6.753000000000000000e+03
6.763000000000000000e+03
6.773000000000000000e+03
6.783000000000000000e+03
6.793000000000000000e+03
6.799000000000000000e+03
6.809000000000000000e+03
6.819000000000000000e+03
6.829000000000000000e+03
6.839000000000000000e+03
6.849000000000000000e+03
6.859000000000000000e+03
6.865000000000000000e+03
6.875000000000000000e+03
6.885000000000000000e+03
6.895000000000000000e+03
6.905000000000000000e+03
6.915000000000000000e+03
6.925000000000000000e+03
6.931000000000000000e+03
6.941000000000000000e+03
6.951000000000000000e+03
6.961000000000000000e+03
6.971000000000000000e+03
6.981000000000000000e+03
6.991000000000000000e+03
6.997000000000000000e+03
7.007000000000000000e+03
7.017000000000000000e+03
7.027000000000000000e+03
7.037000000000000000e+03
7.047000000000000000e+03
7.057000000000000000e+03
7.063000000000000000e+03
7.073000000000000000e+03
7.083000000000000000e+03
7.093000000000000000e+03
7.103000000000000000e+03
7.113000000000000000e+03
7.123000000000000000e+03
7.129000000000000000e+03
7.139000000000000000e+03
7.149000000000000000e+03
7.159000000000000000e+03
7.169000000000000000e+03
7.179000000000000000e+03
7.189000000000000000e+03
7.195000000000000000e+03
7.205000000000000000e+03
7.215000000000000000e+03
7.225000000000000000e+03
7.235000000000000000e+03
7.245000000000000000e+03
7.255000000000000000e+03
7.261000000000000000e+03
7.271000000000000000e+03
7.281000000000000000e+03
7.291000000000000000e+03
7.301000000000000000e+03
7.311000000000000000e+03
7.321000000000000000e+03
7.327000000000000000e+03
7.337000000000000000e+03
7.347000000000000000e+03
7.357000000000000000e+03
7.367000000000000000e+03
7.377000000000000000e+03
7.387000000000000000e+03
7.393000000000000000e+03
7.403000000000000000e+03
7.413000000000000000e+03
7.423000000000000000e+03
7.433000000000000000e+03
7.443000000000000000e+03
7.453000000000000000e+03
7.459000000000000000e+03
7.469000000000000000e+03
7.479000000000000000e+03
7.489000000000000000e+03
7.499000000000000000e+03
7.509000000000000000e+03
7.519000000000000000e+03
7.525000000000000000e+03
7.535000000000000000e+03
7.545000000000000000e+03
7.555000000000000000e+03
7.565000000000000000e+03
7.575000000000000000e+03
7.585000000000000000e+03
7.591000000000000000e+03
7.601000000000000000e+03
7.611000000000000000e+03
7.621000000000000000e+03
7.631000000000000000e+03
7.641000000000000000e+03
7.651000000000000000e+03
7.657000000000000000e+03
7.667000000000000000e+03
7.677000000000000000e+03
7.687000000000000000e+03
7.697000000000000000e+03
7.707000000000000000e+03
7.717000000000000000e+03
7.723000000000000000e+03
7.733000000000000000e+03
7.743000000000000000e+03
7.753000000000000000e+03
7.763000000000000000e+03
7.773000000000000000e+03
7.783000000000000000e+03
7.789000000000000000e+03
7.799000000000000000e+03
7.809000000000000000e+03
7.819000000000000000e+03
7.829000000000000000e+03
7.839000000000000000e+03
7.849000000000000000e+03
7.855000000000000000e+03
7.865000000000000000e+03
7.875000000000000000e+03
7.885000000000000000e+03
7.895000000000000000e+03
7.905000000000000000e+03
7.915000000000000000e+03
7.921000000000000000e+03
7.931000000000000000e+03
7.941000000000000000e+03
7.951000000000000000e+03
7.961000000000000000e+03
7.971000000000000000e+03
7.981000000000000000e+03
7.987000000000000000e+03
7.997000000000000000e+03
8.007000000000000000e+03
8.017000000000000000e+03
8.027000000000000000e+03
8.037000000000000000e+03
8.047000000000000000e+03
8.053000000000000000e+03
8.063000000000000000e+03
8.073000000000000000e+03
8.083000000000000000e+03
8.093000000000000000e+03
8.103000000000000000e+03
8.113000000000000000e+03
8.119000000000000000e+03
8.129000000000000000e+03
8.139000000000000000e+03
8.149000000000000000e+03
8.159000000000000000e+03
8.169000000000000000e+03
8.179000000000000000e+03
8.185000000000000000e+03
8.195000000000000000e+03
8.205000000000000000e+03
8.215000000000000000e+03
8.225000000000000000e+03
8.235000000000000000e+03
8.245000000000000000e+03
8.251000000000000000e+03
8.261000000000000000e+03
8.271000000000000000e+03
8.281000000000000000e+03
8.291000000000000000e+03
8.301000000000000000e+03
8.311000000000000000e+03
8.317000000000000000e+03
8.327000000000000000e+03
8.337000000000000000e+03
8.347000000000000000e+03
8.357000000000000000e+03
8.367000000000000000e+03
8.377000000000000000e+03
8.383000000000000000e+03
8.393000000000000000e+03
8.403000000000000000e+03
8.413000000000000000e+03
8.423000000000000000e+03
8.433000000000000000e+03
8.443000000000000000e+03
8.449000000000000000e+03
8.459000000000000000e+03
8.469000000000000000e+03
8.479000000000000000e+03
8.489000000000000000e+03
8.499000000000000000e+03
8.509000000000000000e+03
8.515000000000000000e+03
8.525000000000000000e+03
8.535000000000000000e+03
8.545000000000000000e+03
8.555000000000000000e+03
8.565000000000000000e+03
8.575000000000000000e+03
8.581000000000000000e+03
8.591000000000000000e+03
8.601000000000000000e+03
8.611000000000000000e+03
8.621000000000000000e+03
8.631000000000000000e+03
8.641000000000000000e+03
8.647000000000000000e+03
8.657000000000000000e+03
8.667000000000000000e+03
8.677000000000000000e+03
8.687000000000000000e+03
8.697000000000000000e+03
8.707000000000000000e+03
8.713000000000000000e+03
8.723000000000000000e+03
8.733000000000000000e+03
8.743000000000000000e+03
8.753000000000000000e+03
8.763000000000000000e+03
8.773000000000000000e+03
8.779000000000000000e+03
8.789000000000000000e+03
8.799000000000000000e+03
8.809000000000000000e+03
8.819000000000000000e+03
8.829000000000000000e+03
8.839000000000000000e+03
8.845000000000000000e+03
8.855000000000000000e+03
8.865000000000000000e+03
8.875000000000000000e+03
8.885000000000000000e+03
8.895000000000000000e+03
8.905000000000000000e+03
8.911000000000000000e+03
8.921000000000000000e+03
8.931000000000000000e+03
8.941000000000000000e+03
8.951000000000000000e+03
8.961000000000000000e+03
8.971000000000000000e+03
8.977000000000000000e+03
8.987000000000000000e+03
8.997000000000000000e+03
9.007000000000000000e+03
9.017000000000000000e+03
9.027000000000000000e+03
9.037000000000000000e+03
9.043000000000000000e+03
9.053000000000000000e+03
9.063000000000000000e+03
9.073000000000000000e+03
9.083000000000000000e+03
9.093000000000000000e+03
9.103000000000000000e+03
9.109000000000000000e+03
9.119000000000000000e+03
9.129000000000000000e+03
9.139000000000000000e+03
9.149000000000000000e+03
9.159000000000000000e+03
9.169000000000000000e+03
9.175000000000000000e+03
9.185000000000000000e+03
9.195000000000000000e+03
9.205000000000000000e+03
9.215000000000000000e+03
9.225000000000000000e+03
9.235000000000000000e+03
9.241000000000000000e+03
9.251000000000000000e+03
9.261000000000000000e+03
9.271000000000000000e+03
9.281000000000000000e+03
9.291000000000000000e+03
9.301000000000000000e+03
9.307000000000000000e+03
9.317000000000000000e+03
9.327000000000000000e+03
9.337000000000000000e+03
9.347000000000000000e+03
9.357000000000000000e+03
9.367000000000000000e+03
9.373000000000000000e+03
9.383000000000000000e+03
9.393000000000000000e+03
9.403000000000000000e+03
9.413000000000000000e+03
9.423000000000000000e+03
9.433000000000000000e+03
9.439000000000000000e+03
9.449000000000000000e+03
9.459000000000000000e+03
9.469000000000000000e+03
9.479000000000000000e+03
9.489000000000000000e+03
9.499000000000000000e+03
9.505000000000000000e+03
9.515000000000000000e+03
9.525000000000000000e+03
9.535000000000000000e+03
9.545000000000000000e+03
9.555000000000000000e+03
9.565000000000000000e+03
9.571000000000000000e+03
9.581000000000000000e+03
9.591000000000000000e+03
9.601000000000000000e+03
9.611000000000000000e+03
9.621000000000000000e+03
9.631000000000000000e+03
9.637000000000000000e+03
9.647000000000000000e+03
9.657000000000000000e+03
9.667000000000000000e+03
9.677000000000000000e+03
9.687000000000000000e+03
9.697000000000000000e+03
9.703000000000000000e+03
9.713000000000000000e+03
9.723000000000000000e+03
9.733000000000000000e+03
9.743000000000000000e+03
9.753000000000000000e+03
9.763000000000000000e+03
9.769000000000000000e+03
9.779000000000000000e+03
9.789000000000000000e+03
9.799000000000000000e+03
9.809000000000000000e+03
9.819000000000000000e+03
9.829000000000000000e+03
9.835000000000000000e+03
9.845000000000000000e+03
9.855000000000000000e+03
9.865000000000000000e+03
9.875000000000000000e+03
9.885000000000000000e+03
9.895000000000000000e+03
9.901000000000000000e+03
9.911000000000000000e+03
9.921000000000000000e+03
9.931000000000000000e+03
9.941000000000000000e+03
9.951000000000000000e+03
9.961000000000000000e+03
9.967000000000000000e+03
9.977000000000000000e+03
9.987000000000000000e+03
9.997000000000000000e+03
1.000700000000000000e+04
1.001700000000000000e+04
1.002700000000000000e+04
1.003300000000000000e+04
1.004300000000000000e+04
1.005300000000000000e+04
1.006300000000000000e+04
1.007300000000000000e+04
1.008300000000000000e+04
1.009300000000000000e+04
1.009900000000000000e+04
1.010900000000000000e+04
1.011900000000000000e+04
1.012900000000000000e+04
1.013900000000000000e+04
1.014900000000000000e+04
1.015900000000000000e+04
1.016500000000000000e+04
1.017500000000000000e+04
1.018500000000000000e+04
1.019500000000000000e+04
1.020500000000000000e+04
1.021500000000000000e+04
1.022500000000000000e+04
1.023100000000000000e+04
1.024100000000000000e+04
1.025100000000000000e+04
1.026100000000000000e+04
1.027100000000000000e+04
1.028100000000000000e+04
1.029100000000000000e+04
1.029700000000000000e+04
1.030700000000000000e+04
1.031700000000000000e+04
1.032700000000000000e+04
1.033700000000000000e+04
1.034700000000000000e+04
1.035700000000000000e+04
1.036300000000000000e+04
1.037300000000000000e+04
1.038300000000000000e+04
1.039300000000000000e+04
1.040300000000000000e+04
1.041300000000000000e+04
1.042300000000000000e+04
1.042900000000000000e+04
1.043900000000000000e+04
1.044900000000000000e+04
1.045900000000000000e+04
1.046900000000000000e+04
1.047900000000000000e+04
1.048900000000000000e+04
1.049500000000000000e+04
1.050500000000000000e+04
1.051500000000000000e+04
1.052500000000000000e+04
1.053500000000000000e+04
1.054500000000000000e+04
1.055500000000000000e+04
1.056100000000000000e+04
1.057100000000000000e+04
1.058100000000000000e+04
1.059100000000000000e+04
1.060100000000000000e+04
1.061100000000000000e+04
1.062100000000000000e+04
1.062700000000000000e+04
1.063700000000000000e+04
1.064700000000000000e+04
1.065700000000000000e+04
1.066700000000000000e+04
1.067700000000000000e+04
1.068700000000000000e+04
1.069300000000000000e+04
1.070300000000000000e+04
1.071300000000000000e+04
1.072300000000000000e+04
1.073300000000000000e+04
1.074300000000000000e+04
1.075300000000000000e+04
1.075900000000000000e+04
1.076900000000000000e+04
1.077900000000000000e+04
1.078900000000000000e+04
1.079900000000000000e+04
1.080900000000000000e+04
1.081900000000000000e+04
1.082500000000000000e+04
1.083500000000000000e+04
1.084500000000000000e+04
1.085500000000000000e+04
1.086500000000000000e+04
1.087500000000000000e+04
1.088500000000000000e+04
1.089100000000000000e+04
1.090100000000000000e+04
1.091100000000000000e+04
1.092100000000000000e+04
1.093100000000000000e+04
1.094100000000000000e+04
1.095100000000000000e+04
1.095700000000000000e+04
1.096700000000000000e+04
1.097700000000000000e+04
1.098700000000000000e+04
1.099700000000000000e+04
1.100700000000000000e+04
1.101700000000000000e+04
1.102300000000000000e+04
1.103300000000000000e+04
1.104300000000000000e+04
1.105300000000000000e+04
1.106300000000000000e+04
1.107300000000000000e+04
1.108300000000000000e+04
1.108900000000000000e+04
1.109900000000000000e+04
1.110900000000000000e+04
1.111900000000000000e+04
1.112900000000000000e+04
1.113900000000000000e+04
1.114900000000000000e+04
1.115500000000000000e+04
1.116500000000000000e+04
1.117500000000000000e+04
1.118500000000000000e+04
1.119500000000000000e+04
1.120500000000000000e+04
1.121500000000000000e+04
1.122100000000000000e+04
1.123100000000000000e+04
1.124100000000000000e+04
1.125100000000000000e+04
1.126100000000000000e+04
1.127100000000000000e+04
1.128100000000000000e+04
1.128700000000000000e+04
1.129700000000000000e+04
1.130700000000000000e+04
1.131700000000000000e+04
1.132700000000000000e+04
1.133700000000000000e+04
1.134700000000000000e+04
1.135300000000000000e+04
1.136300000000000000e+04
1.137300000000000000e+04
1.138300000000000000e+04
1.139300000000000000e+04
1.140300000000000000e+04
1.141300000000000000e+04
1.141900000000000000e+04
1.142900000000000000e+04
1.143900000000000000e+04
1.144900000000000000e+04
1.145900000000000000e+04
1.146900000000000000e+04
1.147900000000000000e+04
1.148500000000000000e+04
1.149500000000000000e+04
1.150500000000000000e+04
1.151500000000000000e+04
1.152500000000000000e+04
1.153500000000000000e+04
1.154500000000000000e+04
1.155100000000000000e+04
1.156100000000000000e+04
1.157100000000000000e+04
1.158100000000000000e+04
1.159100000000000000e+04
1.160100000000000000e+04
1.161100000000000000e+04
1.161700000000000000e+04
1.162700000000000000e+04
1.163700000000000000e+04
1.164700000000000000e+04
1.165700000000000000e+04
1.166700000000000000e+04
1.167700000000000000e+04
1.168300000000000000e+04
1.169300000000000000e+04
1.170300000000000000e+04
1.171300000000000000e+04
1.172300000000000000e+04
1.173300000000000000e+04
1.174300000000000000e+04
1.174900000000000000e+04
1.175900000000000000e+04
1.176900000000000000e+04
1.177900000000000000e+04
1.178900000000000000e+04
1.179900000000000000e+04
1.180900000000000000e+04
1.181500000000000000e+04
1.182500000000000000e+04
1.183500000000000000e+04
1.184500000000000000e+04
1.185500000000000000e+04
1.186500000000000000e+04
1.187500000000000000e+04
1.188100000000000000e+04
1.189100000000000000e+04
1.190100000000000000e+04
1.191100000000000000e+04
1.192100000000000000e+04
1.193100000000000000e+04
1.194100000000000000e+04
1.194700000000000000e+04
1.195700000000000000e+04
1.196700000000000000e+04
1.197700000000000000e+04
1.198700000000000000e+04
1.199700000000000000e+04
1.200700000000000000e+04
1.201300000000000000e+04
1.202300000000000000e+04
1.203300000000000000e+04
1.204300000000000000e+04
1.205300000000000000e+04
1.206300000000000000e+04
1.207300000000000000e+04
1.207900000000000000e+04
1.208900000000000000e+04
1.209900000000000000e+04
1.210900000000000000e+04
1.211900000000000000e+04
1.212900000000000000e+04
1.213900000000000000e+04
1.214500000000000000e+04
1.215500000000000000e+04
1.216500000000000000e+04
1.217500000000000000e+04
1.218500000000000000e+04
1.219500000000000000e+04
1.220500000000000000e+04
1.221100000000000000e+04
1.222100000000000000e+04
1.223100000000000000e+04
1.224100000000000000e+04
1.225100000000000000e+04
1.226100000000000000e+04
1.227100000000000000e+04
1.227700000000000000e+04
1.228700000000000000e+04
1.229700000000000000e+04
1.230700000000000000e+04
1.231700000000000000e+04
1.232700000000000000e+04
1.233700000000000000e+04
1.234300000000000000e+04
1.235300000000000000e+04
1.236300000000000000e+04
1.237300000000000000e+04
1.238300000000000000e+04
1.239300000000000000e+04
1.240300000000000000e+04
1.240900000000000000e+04
1.241900000000000000e+04
1.242900000000000000e+04
1.243900000000000000e+04
1.244900000000000000e+04
1.245900000000000000e+04
1.246900000000000000e+04
1.247500000000000000e+04
1.248500000000000000e+04
1.249500000000000000e+04
1.250500000000000000e+04
1.251500000000000000e+04
1.252500000000000000e+04
1.253500000000000000e+04
1.254100000000000000e+04
1.255100000000000000e+04
1.256100000000000000e+04
1.257100000000000000e+04
1.258100000000000000e+04
1.259100000000000000e+04
1.260100000000000000e+04
1.260700000000000000e+04
1.261700000000000000e+04
1.262700000000000000e+04
1.263700000000000000e+04
1.264700000000000000e+04
1.265700000000000000e+04
1.266700000000000000e+04
1.267300000000000000e+04
1.268300000000000000e+04
1.269300000000000000e+04
1.270300000000000000e+04
1.271300000000000000e+04
1.272300000000000000e+04
1.273300000000000000e+04
1.273900000000000000e+04
1.274900000000000000e+04
1.275900000000000000e+04
1.276900000000000000e+04
1.277900000000000000e+04
1.278900000000000000e+04
1.279900000000000000e+04
1.280500000000000000e+04
1.281500000000000000e+04
1.282500000000000000e+04
1.283500000000000000e+04
1.284500000000000000e+04
1.285500000000000000e+04
1.286500000000000000e+04
1.287100000000000000e+04
1.288100000000000000e+04
1.289100000000000000e+04
1.290100000000000000e+04
1.291100000000000000e+04
1.292100000000000000e+04
1.293100000000000000e+04
1.293700000000000000e+04
1.294700000000000000e+04
1.295700000000000000e+04
1.296700000000000000e+04
1.297700000000000000e+04
1.298700000000000000e+04
1.299700000000000000e+04
1.300300000000000000e+04
1.301300000000000000e+04
1.302300000000000000e+04
1.303300000000000000e+04
1.304300000000000000e+04
1.305300000000000000e+04
1.306300000000000000e+04
1.306900000000000000e+04
1.307900000000000000e+04
1.308900000000000000e+04
1.309900000000000000e+04
1.310900000000000000e+04
1.311900000000000000e+04
1.312900000000000000e+04
1.313500000000000000e+04
1.314500000000000000e+04
1.315500000000000000e+04
1.316500000000000000e+04
1.317500000000000000e+04
1.318500000000000000e+04
1.319500000000000000e+04
1.320100000000000000e+04
1.321100000000000000e+04
1.322100000000000000e+04
1.323100000000000000e+04
1.324100000000000000e+04
1.325100000000000000e+04
1.326100000000000000e+04
1.326700000000000000e+04
1.327700000000000000e+04
1.328700000000000000e+04
1.329700000000000000e+04
1.330700000000000000e+04
1.331700000000000000e+04
1.332700000000000000e+04
1.333300000000000000e+04
1.334300000000000000e+04
1.335300000000000000e+04
1.336300000000000000e+04
1.337300000000000000e+04
1.338300000000000000e+04
1.339300000000000000e+04
1.339900000000000000e+04
1.340900000000000000e+04
1.341900000000000000e+04
1.342900000000000000e+04
1.343900000000000000e+04
1.344900000000000000e+04
1.345900000000000000e+04
1.346500000000000000e+04
1.347500000000000000e+04
1.348500000000000000e+04
1.349500000000000000e+04
1.350500000000000000e+04
1.351500000000000000e+04
1.352500000000000000e+04
1.353100000000000000e+04
1.354100000000000000e+04
1.355100000000000000e+04
1.356100000000000000e+04
1.357100000000000000e+04
1.358100000000000000e+04
1.359100000000000000e+04
1.359700000000000000e+04
1.360700000000000000e+04
1.361700000000000000e+04
1.362700000000000000e+04
1.363700000000000000e+04
1.364700000000000000e+04
1.365700000000000000e+04
1.366300000000000000e+04
1.367300000000000000e+04
1.368300000000000000e+04
1.369300000000000000e+04
1.370300000000000000e+04
1.371300000000000000e+04
1.372300000000000000e+04
1.372900000000000000e+04
1.373900000000000000e+04
1.374900000000000000e+04
1.375900000000000000e+04
1.376900000000000000e+04
1.377900000000000000e+04
1.378900000000000000e+04
1.379500000000000000e+04
1.380500000000000000e+04
1.381500000000000000e+04
1.382500000000000000e+04
1.383500000000000000e+04
1.384500000000000000e+04
1.385500000000000000e+04
1.386100000000000000e+04
1.387100000000000000e+04
1.388100000000000000e+04
1.389100000000000000e+04
1.390100000000000000e+04
1.391100000000000000e+04
1.392100000000000000e+04
1.392700000000000000e+04
1.393700000000000000e+04
1.394700000000000000e+04
1.395700000000000000e+04
1.396700000000000000e+04
1.397700000000000000e+04
1.398700000000000000e+04
1.399300000000000000e+04
1.400300000000000000e+04
1.401300000000000000e+04
1.402300000000000000e+04
1.403300000000000000e+04
1.404300000000000000e+04
1.405300000000000000e+04
1.405900000000000000e+04
1.406900000000000000e+04
1.407900000000000000e+04
1.408900000000000000e+04
1.409900000000000000e+04
1.410900000000000000e+04
1.411900000000000000e+04
1.412500000000000000e+04
1.413500000000000000e+04
1.414500000000000000e+04
1.415500000000000000e+04
1.416500000000000000e+04
1.417500000000000000e+04
1.418500000000000000e+04
1.419100000000000000e+04
1.420100000000000000e+04
1.421100000000000000e+04
1.422100000000000000e+04
1.423100000000000000e+04
1.424100000000000000e+04
1.425100000000000000e+04
1.425700000000000000e+04
1.426700000000000000e+04
1.427700000000000000e+04
1.428700000000000000e+04
1.429700000000000000e+04
1.430700000000000000e+04
1.431700000000000000e+04
1.432300000000000000e+04
1.433300000000000000e+04
1.434300000000000000e+04
1.435300000000000000e+04
1.436300000000000000e+04
1.437300000000000000e+04
1.438300000000000000e+04
1.438900000000000000e+04
1.439900000000000000e+04
1.440900000000000000e+04
1.441900000000000000e+04
1.442900000000000000e+04
1.443900000000000000e+04
1.444900000000000000e+04
1.445500000000000000e+04
1.446500000000000000e+04
1.447500000000000000e+04
1.448500000000000000e+04
1.449500000000000000e+04
1.450500000000000000e+04
1.451500000000000000e+04
1.452100000000000000e+04
1.453100000000000000e+04
1.454100000000000000e+04
1.455100000000000000e+04
1.456100000000000000e+04
1.457100000000000000e+04
1.458100000000000000e+04
1.458700000000000000e+04
1.459700000000000000e+04
1.460700000000000000e+04
1.461700000000000000e+04
1.462700000000000000e+04
1.463700000000000000e+04
1.464700000000000000e+04
1.465300000000000000e+04
1.466300000000000000e+04
1.467300000000000000e+04
1.468300000000000000e+04
1.469300000000000000e+04
1.470300000000000000e+04
1.471300000000000000e+04
1.471900000000000000e+04
1.472900000000000000e+04
1.473900000000000000e+04
1.474900000000000000e+04
1.475900000000000000e+04
1.476900000000000000e+04
1.477900000000000000e+04
1.478500000000000000e+04
1.479500000000000000e+04
1.480500000000000000e+04
1.481500000000000000e+04
1.482500000000000000e+04
1.483500000000000000e+04
1.484500000000000000e+04
1.485100000000000000e+04
1.486100000000000000e+04
1.487100000000000000e+04
1.488100000000000000e+04
1.489100000000000000e+04
1.490100000000000000e+04
1.491100000000000000e+04
1.491700000000000000e+04
1.492700000000000000e+04
1.493700000000000000e+04
1.494700000000000000e+04
1.495700000000000000e+04
1.496700000000000000e+04
1.497700000000000000e+04
1.498300000000000000e+04
1.499300000000000000e+04
1.500300000000000000e+04
1.501300000000000000e+04
1.502300000000000000e+04
1.503300000000000000e+04
1.504300000000000000e+04
1.504900000000000000e+04
1.505900000000000000e+04
1.506900000000000000e+04
1.507900000000000000e+04
1.508900000000000000e+04
1.509900000000000000e+04
1.510900000000000000e+04
1.511500000000000000e+04
1.512500000000000000e+04
1.513500000000000000e+04
1.514500000000000000e+04
1.515500000000000000e+04
1.516500000000000000e+04
1.517500000000000000e+04
1.518100000000000000e+04
1.519100000000000000e+04
1.520100000000000000e+04
1.521100000000000000e+04
1.522100000000000000e+04
1.523100000000000000e+04
1.524100000000000000e+04
1.524700000000000000e+04
1.525700000000000000e+04
1.526700000000000000e+04
1.527700000000000000e+04
1.528700000000000000e+04
1.529700000000000000e+04
1.530700000000000000e+04
1.531300000000000000e+04
1.532300000000000000e+04
1.533300000000000000e+04
1.534300000000000000e+04
1.535300000000000000e+04
1.536300000000000000e+04
1.537300000000000000e+04
1.537900000000000000e+04
1.538900000000000000e+04
1.539900000000000000e+04
1.540900000000000000e+04
1.541900000000000000e+04
1.542900000000000000e+04
1.543900000000000000e+04
1.544500000000000000e+04
1.545500000000000000e+04
1.546500000000000000e+04
1.547500000000000000e+04
1.548500000000000000e+04
1.549500000000000000e+04
1.550500000000000000e+04
1.551100000000000000e+04
1.552100000000000000e+04
1.553100000000000000e+04
1.554100000000000000e+04
1.555100000000000000e+04
1.556100000000000000e+04
1.557100000000000000e+04
1.557700000000000000e+04
1.558700000000000000e+04
1.559700000000000000e+04
1.560700000000000000e+04
1.561700000000000000e+04
1.562700000000000000e+04
1.563700000000000000e+04
1.564300000000000000e+04
1.565300000000000000e+04
1.566300000000000000e+04
1.567300000000000000e+04
1.568300000000000000e+04
1.569300000000000000e+04
1.570300000000000000e+04
1.570900000000000000e+04
1.571900000000000000e+04
1.572900000000000000e+04
1.573900000000000000e+04
1.574900000000000000e+04
1.575900000000000000e+04
1.576900000000000000e+04
1.577500000000000000e+04
1.578500000000000000e+04
1.579500000000000000e+04
1.580500000000000000e+04
1.581500000000000000e+04
1.582500000000000000e+04
1.583500000000000000e+04
