2.445300102233886719e+00
2.371538471428222827e+00
2.342379354009712422e+00
2.353347536347814462e+00
2.336126493183098951e+00
2.316083949426551936e+00
2.308850289028208991e+00
2.248078107833862305e+00
2.301871294013110525e+00
2.297631510357978968e+00
2.278076612800965961e+00
2.308568315355222555e+00
2.287836456219440873e+00
2.298520705645641371e+00
2.298518419265747070e+00
2.301693489547534721e+00
2.286957268258944076e+00
2.294715664485991180e+00
2.286953578979915136e+00
2.278953283569224553e+00
2.275351010251310147e+00
2.284647941589355469e+00
2.284608853972095233e+00
2.284788196783381409e+00
2.274410834598920683e+00
2.271027087276048295e+00
2.261267647396755898e+00
2.258943393042301295e+00
2.256906032562255859e+00
2.273109964792920490e+00
2.266439751749957487e+00
2.242431787400374521e+00
2.262009293272386756e+00
2.269254846910680357e+00
2.278964510040292879e+00
2.244331836700439453e+00
2.252859351636475438e+00
2.266054598131954201e+00
2.252780331499912414e+00
2.256220753820432634e+00
2.268863286218686603e+00
2.272679461487135733e+00
2.277482271194458008e+00
2.261853951761402470e+00
2.244809774867408514e+00
2.270810652662690110e+00
2.248431484446824946e+00
2.247959827616009765e+00
2.269361834090223962e+00
2.246936321258544922e+00
2.257094035044483249e+00
2.256880468430592757e+00
2.255207596845555162e+00
2.257236373904683902e+00
2.262463449255092129e+00
2.253466921437541348e+00
2.242741107940673828e+00
2.252864046807520282e+00
2.258099218138439390e+00
2.242434130000523940e+00
2.245575484953451273e+00
2.260454819257109893e+00
2.248223934218627651e+00
2.271707773208618164e+00
2.261652865651221589e+00
2.224869817797014981e+00
2.248310307162445731e+00
2.255195409796410200e+00
2.244900877791354166e+00
2.250876220197817190e+00
2.217936992645263672e+00
2.255046067694043366e+00
2.239285977873060940e+00
2.245172002993621518e+00
2.233626331351599159e+00
2.242380316135057505e+00
2.250503108013112818e+00
2.302729606628417969e+00
2.257660905272486307e+00
2.247036874811097817e+00
2.229486079433520729e+00
2.243358705780848172e+00
2.243654212704181194e+00
2.247423761678672971e+00
2.247672557830810547e+00
2.247604037498535323e+00
2.233030871798137529e+00
2.238598948495222896e+00
2.241091495692004720e+00
2.228590591783180308e+00
2.245833048372149587e+00
2.221158266067504883e+00
2.236190125621826397e+00
2.238169814365754462e+00
2.260367108339761177e+00
2.213713574185008692e+00
2.229429483087889352e+00
2.256025795535329781e+00
2.261869907379150391e+00
2.225682898358252615e+00
2.240338269971444696e+00
2.237241536458341784e+00
2.233655166095692923e+00
2.246234273064931841e+00
2.235800258972789667e+00
2.245735883712768555e+00
2.232894096752905622e+00
2.227798360923800125e+00
2.208373163361038838e+00
2.234712792883172483e+00
2.217129595402131947e+00
2.220116781909492243e+00
2.266560554504394531e+00
2.218108533550219974e+00
2.231912879206923161e+00
2.235131336936452495e+00
2.215175033585341513e+00
2.238682542132195419e+00
2.226053547106908059e+00
2.230804681777954102e+00
2.206630622948291265e+00
2.212151822236377186e+00
2.221069942191676638e+00
2.227320119595143311e+00
2.211894796747148284e+00
2.232169312793210292e+00
2.245780229568481445e+00
2.185734772822657046e+00
2.214569195376254296e+00
2.210239443557640016e+00
2.224826252238699453e+00
2.188425747855688996e+00
2.204354593630368342e+00
2.161715030670166016e+00
2.189426221883985058e+00
2.193737862179601983e+00
2.218235228208832233e+00
2.190344091366061008e+00
2.179569234677362743e+00
2.176841269478769547e+00
2.027422189712524414e+00
2.160181640455225427e+00
2.176970437137427439e+00
2.176248368741695138e+00
2.196383781081767683e+00
2.233902081572853859e+00
2.231825097101207689e+00
2.136039018630981445e+00
2.148423313013819058e+00
2.210490790637376968e+00
2.182676384733990727e+00
2.193952107034605081e+00
2.170562183309590498e+00
2.180800603800196136e+00
2.039032936096191406e+00
2.124209085187793278e+00
2.150872385824294408e+00
2.189871771459093619e+00
2.178554410268306096e+00
2.149533653241156639e+00
2.172516137026023308e+00
2.081741809844970703e+00
2.143247692467968868e+00
2.155254801840807310e+00
2.136555470820535874e+00
2.157222237121812825e+00
2.148696278431215134e+00
2.193526113898890628e+00
2.173432588577270508e+00
2.131304155957031377e+00
2.152651229980622638e+00
2.137337523871241096e+00
2.100609645037636586e+00
2.173649938025517869e+00
2.175455674381117532e+00
2.188216686248779297e+00
2.136248896615674298e+00
2.160935253477889173e+00
2.104347138148488394e+00
2.098012374338004360e+00
2.135102586258429636e+00
2.152314772766553475e+00
2.091597318649291992e+00
2.124474722351245681e+00
2.125303703014441936e+00
2.085616070588406146e+00
2.117644253067158200e+00
2.130743814472570108e+00
2.120517831145178889e+00
1.994320988655090332e+00
2.129784093816162294e+00
2.110458798406469327e+00
2.169765889025057071e+00
2.099180987335379722e+00
2.044843964280670168e+00
2.113915825978776475e+00
2.081321477890014648e+00
2.054591933647608393e+00
2.136488494352986489e+00
2.100930466990893475e+00
2.098916592636631329e+00
2.013877620113448508e+00
2.040647761946982719e+00
2.012760162353515625e+00
2.094086159550464288e+00
2.033629388099868596e+00
2.089686303243876608e+00
2.067842552735390083e+00
2.045978973052546390e+00
2.046398472151145231e+00
2.002741336822509766e+00
2.011336415298633717e+00
1.997737503145986526e+00
2.046878551115474565e+00
1.990433046078248225e+00
2.089642505789052418e+00
2.072418455240800483e+00
2.084894180297851562e+00
1.978828657454944295e+00
2.004518352041293028e+00
2.046084268005253115e+00
2.068854624924946428e+00
2.056922659454774482e+00
2.002543741040645919e+00
1.844805002212524414e+00
1.981063488732922817e+00
1.985642221587582412e+00
2.000276053400905418e+00
1.920045437543536293e+00
1.966757998114319284e+00
2.032592515484548557e+00
1.979913353919982910e+00
1.947910413331579882e+00
1.968045074664785954e+00
1.938265673759836272e+00
1.941114089917153285e+00
1.919886572257860635e+00
2.029897246819997836e+00
1.930895209312438965e+00
1.934356258709839294e+00
1.938807480091186974e+00
1.922324297759042899e+00
1.912284194092605638e+00
2.015671041751704529e+00
1.975150776219835702e+00
2.099032878875732422e+00
1.898074957056177459e+00
1.907432734391731222e+00
1.966433876945437698e+00
2.024817680722317270e+00
1.949491128188305611e+00
1.866223628674043011e+00
2.035612821578979492e+00
1.872645198601355254e+00
1.946400811217281923e+00
1.905923077677323718e+00
1.953205492920211839e+00
2.015958887813499079e+00
1.990732625858698146e+00
1.979643344879150391e+00
1.937096258054407105e+00
1.893643287282356535e+00
1.882301054833000364e+00
1.894973356821159083e+00
1.929742252246798184e+00
1.980518607121948937e+00
1.776145100593566895e+00
1.945294610323584417e+00
1.855218540535939376e+00
1.911043487333973667e+00
1.855656833619048429e+00
1.888649792359486712e+00
1.864922177908055589e+00
1.752977371215820312e+00
1.857342173490186044e+00
1.861484321302474765e+00
1.867081643167533445e+00
1.834482802510139399e+00
1.852038220217896214e+00
1.966022349908242095e+00
1.758187651634216309e+00
1.829196047986633822e+00
1.867204230820773025e+00
1.926074235952537794e+00
1.877695114549948308e+00
1.847145465935948749e+00
1.887672548570744180e+00
1.887391805648803711e+00
1.805252966120263869e+00
1.818453460774130503e+00
1.825593979827384805e+00
1.876666527991902145e+00
1.889891691374376625e+00
1.890993533767737489e+00
1.898491263389587402e+00
1.824886700435901510e+00
1.777484283195147174e+00
1.794370726187759724e+00
1.816532720220599195e+00
1.865928106345251081e+00
1.924494183844889017e+00
1.717822313308715820e+00
1.740026319448767511e+00
1.817646658581977714e+00
1.826955714296773170e+00
1.747154228872862758e+00
1.811613227623826150e+00
1.789433430223616561e+00
1.986112713813781738e+00
1.663514141755835674e+00
1.784548048293443268e+00
1.778444450586656345e+00
1.786245539819419692e+00
1.788522452563217735e+00
1.794115346776216979e+00
1.832299709320068359e+00
1.684519263028369629e+00
1.743298115158970152e+00
1.823266073024208955e+00
1.779057465123228043e+00
1.702667023200616692e+00
1.805749710278743425e+00
1.870640993118286133e+00
1.723412493600134709e+00
1.692292903316482633e+00
1.743867153682937765e+00
1.701134123257473929e+00
1.766457774392480529e+00
1.778397464322837074e+00
1.427452802658081055e+00
1.586280362210083617e+00
1.660234826534505936e+00
1.696580892948729380e+00
1.683480893523349398e+00
1.704116596900430380e+00
1.655007575481076021e+00
1.626891016960144043e+00
1.676285421078577142e+00
1.800330500057315986e+00
1.683009416469206876e+00
1.661363281099660583e+00
1.717821988333915417e+00
1.629413753803472531e+00
1.442905306816101074e+00
1.702179297586889906e+00
1.618601754521227898e+00
1.517871174533225620e+00
1.694514163758794156e+00
1.679926482054435954e+00
1.641887200921868795e+00
1.463174223899841309e+00
1.650602996525220023e+00
1.694643858663417157e+00
1.637981871228039177e+00
1.706938113886855346e+00
1.686424082089381216e+00
1.706866981605395406e+00
1.616124868392944336e+00
1.556868952774780990e+00
1.696793746698969318e+00
1.775863289709167736e+00
1.666441674135329176e+00
1.756279564257402503e+00
1.675451396755250011e+00
1.677197694778442383e+00
1.615387895797913087e+00
1.649850783676822807e+00
1.635626413834279091e+00
1.683025601462632359e+00
1.547667430866588312e+00
1.609872232107082857e+00
1.464314222335815430e+00
1.515949235689941998e+00
1.575450880022081002e+00
1.564312941161690951e+00
1.583325055642261558e+00
1.654703879994019022e+00
1.589016473675462837e+00
1.585885286331176758e+00
1.640546450831543268e+00
1.552362733346844159e+00
1.632284429384740498e+00
1.620944434877062079e+00
1.586095532375086270e+00
1.594335499214756258e+00
1.565853953361511230e+00
1.453598821468494062e+00
1.520418030957285227e+00
1.583784037977241876e+00
1.594283341046240920e+00
1.607857482202567745e+00
1.595364485676793898e+00
1.440661072731018066e+00
1.563335547626758304e+00
1.584545943556890490e+00
1.627384483169406870e+00
1.434947167086267239e+00
1.582212177833711930e+00
1.639231812887935513e+00
1.697209358215332031e+00
1.695351265191137990e+00
1.643051256383011971e+00
1.606790657562960911e+00
1.631155475849958680e+00
1.573634533164028682e+00
1.511719236689559320e+00
1.531171798706054688e+00
1.636901834737512607e+00
1.526663838152760411e+00
1.476512100434287378e+00
1.598935429242965611e+00
1.555467725449710015e+00
1.526648068732507024e+00
1.459398984909057617e+00
1.566205993060706181e+00
1.529025851004769176e+00
1.472477785419869845e+00
1.441321027583764902e+00
1.473943650772817859e+00
1.478055753667597561e+00
