1.000000000000000000e+00
1.010000000000000000e+02
2.010000000000000000e+02
3.010000000000000000e+02
4.010000000000000000e+02
5.010000000000000000e+02
6.010000000000000000e+02
6.770000000000000000e+02
7.770000000000000000e+02
8.770000000000000000e+02
9.770000000000000000e+02
1.077000000000000000e+03
1.177000000000000000e+03
1.277000000000000000e+03
1.353000000000000000e+03
1.453000000000000000e+03
1.553000000000000000e+03
1.653000000000000000e+03
1.753000000000000000e+03
1.853000000000000000e+03
1.953000000000000000e+03
2.029000000000000000e+03
2.129000000000000000e+03
2.229000000000000000e+03
2.329000000000000000e+03
2.429000000000000000e+03
2.529000000000000000e+03
2.629000000000000000e+03
2.705000000000000000e+03
2.805000000000000000e+03
2.905000000000000000e+03
3.005000000000000000e+03
3.105000000000000000e+03
3.205000000000000000e+03
3.305000000000000000e+03
3.381000000000000000e+03
3.481000000000000000e+03
3.581000000000000000e+03
3.681000000000000000e+03
3.781000000000000000e+03
3.881000000000000000e+03
3.981000000000000000e+03
4.057000000000000000e+03
4.157000000000000000e+03
4.257000000000000000e+03
4.357000000000000000e+03
4.457000000000000000e+03
4.557000000000000000e+03
4.657000000000000000e+03
4.733000000000000000e+03
4.833000000000000000e+03
4.933000000000000000e+03
5.033000000000000000e+03
5.133000000000000000e+03
5.233000000000000000e+03
5.333000000000000000e+03
5.409000000000000000e+03
5.509000000000000000e+03
5.609000000000000000e+03
5.709000000000000000e+03
5.809000000000000000e+03
5.909000000000000000e+03
6.009000000000000000e+03
6.085000000000000000e+03
6.185000000000000000e+03
6.285000000000000000e+03
6.385000000000000000e+03
6.485000000000000000e+03
6.585000000000000000e+03
6.685000000000000000e+03
6.761000000000000000e+03
6.861000000000000000e+03
6.961000000000000000e+03
7.061000000000000000e+03
7.161000000000000000e+03
7.261000000000000000e+03
7.361000000000000000e+03
7.437000000000000000e+03
7.537000000000000000e+03
7.637000000000000000e+03
7.737000000000000000e+03
7.837000000000000000e+03
7.937000000000000000e+03
8.037000000000000000e+03
8.113000000000000000e+03
8.213000000000000000e+03
8.313000000000000000e+03
8.413000000000000000e+03
8.513000000000000000e+03
8.613000000000000000e+03
8.713000000000000000e+03
8.789000000000000000e+03
8.889000000000000000e+03
8.989000000000000000e+03
9.089000000000000000e+03
9.189000000000000000e+03
9.289000000000000000e+03
9.389000000000000000e+03
9.465000000000000000e+03
9.565000000000000000e+03
9.665000000000000000e+03
9.765000000000000000e+03
9.865000000000000000e+03
9.965000000000000000e+03
1.006500000000000000e+04
1.014100000000000000e+04
1.024100000000000000e+04
1.034100000000000000e+04
1.044100000000000000e+04
1.054100000000000000e+04
1.064100000000000000e+04
1.074100000000000000e+04
1.081700000000000000e+04
1.091700000000000000e+04
1.101700000000000000e+04
1.111700000000000000e+04
1.121700000000000000e+04
1.131700000000000000e+04
1.141700000000000000e+04
1.149300000000000000e+04
1.159300000000000000e+04
1.169300000000000000e+04
1.179300000000000000e+04
1.189300000000000000e+04
1.199300000000000000e+04
1.209300000000000000e+04
1.216900000000000000e+04
1.226900000000000000e+04
1.236900000000000000e+04
1.246900000000000000e+04
1.256900000000000000e+04
1.266900000000000000e+04
1.276900000000000000e+04
1.284500000000000000e+04
1.294500000000000000e+04
1.304500000000000000e+04
1.314500000000000000e+04
1.324500000000000000e+04
1.334500000000000000e+04
1.344500000000000000e+04
1.352100000000000000e+04
1.362100000000000000e+04
1.372100000000000000e+04
1.382100000000000000e+04
1.392100000000000000e+04
1.402100000000000000e+04
1.412100000000000000e+04
1.419700000000000000e+04
1.429700000000000000e+04
1.439700000000000000e+04
1.449700000000000000e+04
1.459700000000000000e+04
1.469700000000000000e+04
1.479700000000000000e+04
1.487300000000000000e+04
1.497300000000000000e+04
1.507300000000000000e+04
1.517300000000000000e+04
1.527300000000000000e+04
1.537300000000000000e+04
1.547300000000000000e+04
1.554900000000000000e+04
1.564900000000000000e+04
1.574900000000000000e+04
1.584900000000000000e+04
1.594900000000000000e+04
1.604900000000000000e+04
1.614900000000000000e+04
1.622500000000000000e+04
1.632500000000000000e+04
1.642500000000000000e+04
1.652500000000000000e+04
1.662500000000000000e+04
1.672500000000000000e+04
1.682500000000000000e+04
1.690100000000000000e+04
1.700100000000000000e+04
1.710100000000000000e+04
1.720100000000000000e+04
1.730100000000000000e+04
1.740100000000000000e+04
1.750100000000000000e+04
1.757700000000000000e+04
1.767700000000000000e+04
1.777700000000000000e+04
1.787700000000000000e+04
1.797700000000000000e+04
1.807700000000000000e+04
1.817700000000000000e+04
1.825300000000000000e+04
1.835300000000000000e+04
1.845300000000000000e+04
1.855300000000000000e+04
1.865300000000000000e+04
1.875300000000000000e+04
1.885300000000000000e+04
1.892900000000000000e+04
1.902900000000000000e+04
1.912900000000000000e+04
1.922900000000000000e+04
1.932900000000000000e+04
1.942900000000000000e+04
1.952900000000000000e+04
1.960500000000000000e+04
1.970500000000000000e+04
1.980500000000000000e+04
1.990500000000000000e+04
2.000500000000000000e+04
2.010500000000000000e+04
2.020500000000000000e+04
2.028100000000000000e+04
2.038100000000000000e+04
2.048100000000000000e+04
2.058100000000000000e+04
2.068100000000000000e+04
2.078100000000000000e+04
2.088100000000000000e+04
2.095700000000000000e+04
2.105700000000000000e+04
2.115700000000000000e+04
2.125700000000000000e+04
2.135700000000000000e+04
2.145700000000000000e+04
2.155700000000000000e+04
2.163300000000000000e+04
2.173300000000000000e+04
2.183300000000000000e+04
2.193300000000000000e+04
2.203300000000000000e+04
2.213300000000000000e+04
2.223300000000000000e+04
2.230900000000000000e+04
2.240900000000000000e+04
2.250900000000000000e+04
2.260900000000000000e+04
2.270900000000000000e+04
2.280900000000000000e+04
2.290900000000000000e+04
2.298500000000000000e+04
2.308500000000000000e+04
2.318500000000000000e+04
2.328500000000000000e+04
2.338500000000000000e+04
2.348500000000000000e+04
2.358500000000000000e+04
2.366100000000000000e+04
2.376100000000000000e+04
2.386100000000000000e+04
2.396100000000000000e+04
2.406100000000000000e+04
2.416100000000000000e+04
2.426100000000000000e+04
2.433700000000000000e+04
2.443700000000000000e+04
2.453700000000000000e+04
2.463700000000000000e+04
2.473700000000000000e+04
2.483700000000000000e+04
2.493700000000000000e+04
2.501300000000000000e+04
2.511300000000000000e+04
2.521300000000000000e+04
2.531300000000000000e+04
2.541300000000000000e+04
2.551300000000000000e+04
2.561300000000000000e+04
2.568900000000000000e+04
2.578900000000000000e+04
2.588900000000000000e+04
2.598900000000000000e+04
2.608900000000000000e+04
2.618900000000000000e+04
2.628900000000000000e+04
2.636500000000000000e+04
2.646500000000000000e+04
2.656500000000000000e+04
2.666500000000000000e+04
2.676500000000000000e+04
2.686500000000000000e+04
2.696500000000000000e+04
2.704100000000000000e+04
2.714100000000000000e+04
2.724100000000000000e+04
2.734100000000000000e+04
2.744100000000000000e+04
2.754100000000000000e+04
2.764100000000000000e+04
2.771700000000000000e+04
2.781700000000000000e+04
2.791700000000000000e+04
2.801700000000000000e+04
2.811700000000000000e+04
2.821700000000000000e+04
2.831700000000000000e+04
2.839300000000000000e+04
2.849300000000000000e+04
2.859300000000000000e+04
2.869300000000000000e+04
2.879300000000000000e+04
2.889300000000000000e+04
2.899300000000000000e+04
2.906900000000000000e+04
2.916900000000000000e+04
2.926900000000000000e+04
2.936900000000000000e+04
2.946900000000000000e+04
2.956900000000000000e+04
2.966900000000000000e+04
2.974500000000000000e+04
2.984500000000000000e+04
2.994500000000000000e+04
3.004500000000000000e+04
3.014500000000000000e+04
3.024500000000000000e+04
3.034500000000000000e+04
3.042100000000000000e+04
3.052100000000000000e+04
3.062100000000000000e+04
3.072100000000000000e+04
3.082100000000000000e+04
3.092100000000000000e+04
3.102100000000000000e+04
3.109700000000000000e+04
3.119700000000000000e+04
3.129700000000000000e+04
3.139700000000000000e+04
3.149700000000000000e+04
3.159700000000000000e+04
3.169700000000000000e+04
3.177300000000000000e+04
3.187300000000000000e+04
3.197300000000000000e+04
3.207300000000000000e+04
3.217300000000000000e+04
3.227300000000000000e+04
3.237300000000000000e+04
3.244900000000000000e+04
3.254900000000000000e+04
3.264900000000000000e+04
3.274900000000000000e+04
3.284900000000000000e+04
3.294900000000000000e+04
3.304900000000000000e+04
3.312500000000000000e+04
3.322500000000000000e+04
3.332500000000000000e+04
3.342500000000000000e+04
3.352500000000000000e+04
3.362500000000000000e+04
3.372500000000000000e+04
3.380100000000000000e+04
3.390100000000000000e+04
3.400100000000000000e+04
3.410100000000000000e+04
3.420100000000000000e+04
3.430100000000000000e+04
3.440100000000000000e+04
3.447700000000000000e+04
3.457700000000000000e+04
3.467700000000000000e+04
3.477700000000000000e+04
3.487700000000000000e+04
3.497700000000000000e+04
3.507700000000000000e+04
3.515300000000000000e+04
3.525300000000000000e+04
3.535300000000000000e+04
3.545300000000000000e+04
3.555300000000000000e+04
3.565300000000000000e+04
3.575300000000000000e+04
3.582900000000000000e+04
3.592900000000000000e+04
3.602900000000000000e+04
3.612900000000000000e+04
3.622900000000000000e+04
3.632900000000000000e+04
3.642900000000000000e+04
3.650500000000000000e+04
3.660500000000000000e+04
3.670500000000000000e+04
3.680500000000000000e+04
3.690500000000000000e+04
3.700500000000000000e+04
3.710500000000000000e+04
3.718100000000000000e+04
3.728100000000000000e+04
3.738100000000000000e+04
3.748100000000000000e+04
3.758100000000000000e+04
3.768100000000000000e+04
3.778100000000000000e+04
3.785700000000000000e+04
3.795700000000000000e+04
3.805700000000000000e+04
3.815700000000000000e+04
3.825700000000000000e+04
3.835700000000000000e+04
3.845700000000000000e+04
3.853300000000000000e+04
3.863300000000000000e+04
3.873300000000000000e+04
3.883300000000000000e+04
3.893300000000000000e+04
3.903300000000000000e+04
3.913300000000000000e+04
3.920900000000000000e+04
3.930900000000000000e+04
3.940900000000000000e+04
3.950900000000000000e+04
3.960900000000000000e+04
3.970900000000000000e+04
3.980900000000000000e+04
3.988500000000000000e+04
3.998500000000000000e+04
4.008500000000000000e+04
4.018500000000000000e+04
4.028500000000000000e+04
4.038500000000000000e+04
4.048500000000000000e+04
4.056100000000000000e+04
4.066100000000000000e+04
4.076100000000000000e+04
4.086100000000000000e+04
4.096100000000000000e+04
4.106100000000000000e+04
4.116100000000000000e+04
4.123700000000000000e+04
4.133700000000000000e+04
4.143700000000000000e+04
4.153700000000000000e+04
4.163700000000000000e+04
4.173700000000000000e+04
4.183700000000000000e+04
4.191300000000000000e+04
4.201300000000000000e+04
4.211300000000000000e+04
4.221300000000000000e+04
4.231300000000000000e+04
4.241300000000000000e+04
4.251300000000000000e+04
4.258900000000000000e+04
4.268900000000000000e+04
4.278900000000000000e+04
4.288900000000000000e+04
4.298900000000000000e+04
4.308900000000000000e+04
4.318900000000000000e+04
4.326500000000000000e+04
4.336500000000000000e+04
4.346500000000000000e+04
4.356500000000000000e+04
4.366500000000000000e+04
4.376500000000000000e+04
4.386500000000000000e+04
4.394100000000000000e+04
4.404100000000000000e+04
4.414100000000000000e+04
4.424100000000000000e+04
4.434100000000000000e+04
4.444100000000000000e+04
4.454100000000000000e+04
4.461700000000000000e+04
4.471700000000000000e+04
4.481700000000000000e+04
4.491700000000000000e+04
4.501700000000000000e+04
4.511700000000000000e+04
4.521700000000000000e+04
4.529300000000000000e+04
4.539300000000000000e+04
4.549300000000000000e+04
4.559300000000000000e+04
4.569300000000000000e+04
4.579300000000000000e+04
4.589300000000000000e+04
4.596900000000000000e+04
4.606900000000000000e+04
4.616900000000000000e+04
4.626900000000000000e+04
4.636900000000000000e+04
4.646900000000000000e+04
4.656900000000000000e+04
4.664500000000000000e+04
4.674500000000000000e+04
4.684500000000000000e+04
4.694500000000000000e+04
4.704500000000000000e+04
4.714500000000000000e+04
4.724500000000000000e+04
4.732100000000000000e+04
4.742100000000000000e+04
4.752100000000000000e+04
4.762100000000000000e+04
4.772100000000000000e+04
4.782100000000000000e+04
4.792100000000000000e+04
4.799700000000000000e+04
4.809700000000000000e+04
4.819700000000000000e+04
4.829700000000000000e+04
4.839700000000000000e+04
4.849700000000000000e+04
4.859700000000000000e+04
4.867300000000000000e+04
4.877300000000000000e+04
4.887300000000000000e+04
4.897300000000000000e+04
4.907300000000000000e+04
4.917300000000000000e+04
4.927300000000000000e+04
4.934900000000000000e+04
4.944900000000000000e+04
4.954900000000000000e+04
4.964900000000000000e+04
4.974900000000000000e+04
4.984900000000000000e+04
4.994900000000000000e+04
5.002500000000000000e+04
5.012500000000000000e+04
5.022500000000000000e+04
5.032500000000000000e+04
5.042500000000000000e+04
5.052500000000000000e+04
5.062500000000000000e+04
5.070100000000000000e+04
5.080100000000000000e+04
5.090100000000000000e+04
5.100100000000000000e+04
5.110100000000000000e+04
5.120100000000000000e+04
5.130100000000000000e+04
5.137700000000000000e+04
5.147700000000000000e+04
5.157700000000000000e+04
5.167700000000000000e+04
5.177700000000000000e+04
5.187700000000000000e+04
5.197700000000000000e+04
5.205300000000000000e+04
5.215300000000000000e+04
5.225300000000000000e+04
5.235300000000000000e+04
5.245300000000000000e+04
5.255300000000000000e+04
5.265300000000000000e+04
5.272900000000000000e+04
5.282900000000000000e+04
5.292900000000000000e+04
5.302900000000000000e+04
5.312900000000000000e+04
5.322900000000000000e+04
5.332900000000000000e+04
5.340500000000000000e+04
5.350500000000000000e+04
5.360500000000000000e+04
5.370500000000000000e+04
5.380500000000000000e+04
5.390500000000000000e+04
5.400500000000000000e+04
5.408100000000000000e+04
5.418100000000000000e+04
5.428100000000000000e+04
5.438100000000000000e+04
5.448100000000000000e+04
5.458100000000000000e+04
5.468100000000000000e+04
5.475700000000000000e+04
5.485700000000000000e+04
5.495700000000000000e+04
5.505700000000000000e+04
5.515700000000000000e+04
5.525700000000000000e+04
5.535700000000000000e+04
5.543300000000000000e+04
5.553300000000000000e+04
5.563300000000000000e+04
5.573300000000000000e+04
5.583300000000000000e+04
5.593300000000000000e+04
5.603300000000000000e+04
5.610900000000000000e+04
5.620900000000000000e+04
5.630900000000000000e+04
5.640900000000000000e+04
5.650900000000000000e+04
5.660900000000000000e+04
5.670900000000000000e+04
5.678500000000000000e+04
5.688500000000000000e+04
5.698500000000000000e+04
5.708500000000000000e+04
5.718500000000000000e+04
5.728500000000000000e+04
5.738500000000000000e+04
5.746100000000000000e+04
5.756100000000000000e+04
5.766100000000000000e+04
5.776100000000000000e+04
5.786100000000000000e+04
5.796100000000000000e+04
5.806100000000000000e+04
5.813700000000000000e+04
5.823700000000000000e+04
5.833700000000000000e+04
5.843700000000000000e+04
5.853700000000000000e+04
5.863700000000000000e+04
5.873700000000000000e+04
5.881300000000000000e+04
5.891300000000000000e+04
5.901300000000000000e+04
5.911300000000000000e+04
5.921300000000000000e+04
5.931300000000000000e+04
5.941300000000000000e+04
5.948900000000000000e+04
5.958900000000000000e+04
5.968900000000000000e+04
5.978900000000000000e+04
5.988900000000000000e+04
5.998900000000000000e+04
6.008900000000000000e+04
6.016500000000000000e+04
6.026500000000000000e+04
6.036500000000000000e+04
6.046500000000000000e+04
6.056500000000000000e+04
6.066500000000000000e+04
6.076500000000000000e+04
6.084100000000000000e+04
6.094100000000000000e+04
6.104100000000000000e+04
6.114100000000000000e+04
6.124100000000000000e+04
6.134100000000000000e+04
6.144100000000000000e+04
6.151700000000000000e+04
6.161700000000000000e+04
6.171700000000000000e+04
6.181700000000000000e+04
6.191700000000000000e+04
6.201700000000000000e+04
6.211700000000000000e+04
6.219300000000000000e+04
6.229300000000000000e+04
6.239300000000000000e+04
6.249300000000000000e+04
6.259300000000000000e+04
6.269300000000000000e+04
6.279300000000000000e+04
6.286900000000000000e+04
6.296900000000000000e+04
6.306900000000000000e+04
6.316900000000000000e+04
6.326900000000000000e+04
6.336900000000000000e+04
6.346900000000000000e+04
6.354500000000000000e+04
6.364500000000000000e+04
6.374500000000000000e+04
6.384500000000000000e+04
6.394500000000000000e+04
6.404500000000000000e+04
6.414500000000000000e+04
6.422100000000000000e+04
6.432100000000000000e+04
6.442100000000000000e+04
6.452100000000000000e+04
6.462100000000000000e+04
6.472100000000000000e+04
6.482100000000000000e+04
6.489700000000000000e+04
6.499700000000000000e+04
6.509700000000000000e+04
6.519700000000000000e+04
6.529700000000000000e+04
6.539700000000000000e+04
6.549700000000000000e+04
6.557300000000000000e+04
6.567300000000000000e+04
6.577300000000000000e+04
6.587300000000000000e+04
6.597300000000000000e+04
6.607300000000000000e+04
6.617300000000000000e+04
6.624900000000000000e+04
6.634900000000000000e+04
6.644900000000000000e+04
6.654900000000000000e+04
6.664900000000000000e+04
6.674900000000000000e+04
6.684900000000000000e+04
6.692500000000000000e+04
6.702500000000000000e+04
6.712500000000000000e+04
6.722500000000000000e+04
6.732500000000000000e+04
6.742500000000000000e+04
6.752500000000000000e+04
6.760100000000000000e+04
6.770100000000000000e+04
6.780100000000000000e+04
6.790100000000000000e+04
6.800100000000000000e+04
6.810100000000000000e+04
6.820100000000000000e+04
6.827700000000000000e+04
6.837700000000000000e+04
6.847700000000000000e+04
6.857700000000000000e+04
6.867700000000000000e+04
6.877700000000000000e+04
6.887700000000000000e+04
6.895300000000000000e+04
6.905300000000000000e+04
6.915300000000000000e+04
6.925300000000000000e+04
6.935300000000000000e+04
6.945300000000000000e+04
6.955300000000000000e+04
6.962900000000000000e+04
6.972900000000000000e+04
6.982900000000000000e+04
6.992900000000000000e+04
7.002900000000000000e+04
7.012900000000000000e+04
7.022900000000000000e+04
7.030500000000000000e+04
7.040500000000000000e+04
7.050500000000000000e+04
7.060500000000000000e+04
7.070500000000000000e+04
7.080500000000000000e+04
7.090500000000000000e+04
7.098100000000000000e+04
7.108100000000000000e+04
7.118100000000000000e+04
7.128100000000000000e+04
7.138100000000000000e+04
7.148100000000000000e+04
7.158100000000000000e+04
7.165700000000000000e+04
7.175700000000000000e+04
7.185700000000000000e+04
7.195700000000000000e+04
7.205700000000000000e+04
7.215700000000000000e+04
7.225700000000000000e+04
7.233300000000000000e+04
7.243300000000000000e+04
7.253300000000000000e+04
7.263300000000000000e+04
7.273300000000000000e+04
7.283300000000000000e+04
7.293300000000000000e+04
7.300900000000000000e+04
7.310900000000000000e+04
7.320900000000000000e+04
7.330900000000000000e+04
7.340900000000000000e+04
7.350900000000000000e+04
7.360900000000000000e+04
7.368500000000000000e+04
7.378500000000000000e+04
7.388500000000000000e+04
7.398500000000000000e+04
7.408500000000000000e+04
7.418500000000000000e+04
7.428500000000000000e+04
7.436100000000000000e+04
7.446100000000000000e+04
7.456100000000000000e+04
7.466100000000000000e+04
7.476100000000000000e+04
7.486100000000000000e+04
7.496100000000000000e+04
7.503700000000000000e+04
7.513700000000000000e+04
7.523700000000000000e+04
7.533700000000000000e+04
7.543700000000000000e+04
7.553700000000000000e+04
7.563700000000000000e+04
7.571300000000000000e+04
7.581300000000000000e+04
7.591300000000000000e+04
7.601300000000000000e+04
7.611300000000000000e+04
7.621300000000000000e+04
7.631300000000000000e+04
7.638900000000000000e+04
7.648900000000000000e+04
7.658900000000000000e+04
7.668900000000000000e+04
7.678900000000000000e+04
7.688900000000000000e+04
7.698900000000000000e+04
7.706500000000000000e+04
7.716500000000000000e+04
7.726500000000000000e+04
7.736500000000000000e+04
7.746500000000000000e+04
7.756500000000000000e+04
7.766500000000000000e+04
7.774100000000000000e+04
7.784100000000000000e+04
7.794100000000000000e+04
7.804100000000000000e+04
7.814100000000000000e+04
7.824100000000000000e+04
7.834100000000000000e+04
7.841700000000000000e+04
7.851700000000000000e+04
7.861700000000000000e+04
7.871700000000000000e+04
7.881700000000000000e+04
7.891700000000000000e+04
7.901700000000000000e+04
7.909300000000000000e+04
7.919300000000000000e+04
7.929300000000000000e+04
7.939300000000000000e+04
7.949300000000000000e+04
7.959300000000000000e+04
7.969300000000000000e+04
7.976900000000000000e+04
7.986900000000000000e+04
7.996900000000000000e+04
8.006900000000000000e+04
8.016900000000000000e+04
8.026900000000000000e+04
8.036900000000000000e+04
8.044500000000000000e+04
8.054500000000000000e+04
8.064500000000000000e+04
8.074500000000000000e+04
8.084500000000000000e+04
8.094500000000000000e+04
8.104500000000000000e+04
8.112100000000000000e+04
8.122100000000000000e+04
8.132100000000000000e+04
8.142100000000000000e+04
8.152100000000000000e+04
8.162100000000000000e+04
8.172100000000000000e+04
8.179700000000000000e+04
8.189700000000000000e+04
8.199700000000000000e+04
8.209700000000000000e+04
8.219700000000000000e+04
8.229700000000000000e+04
8.239700000000000000e+04
8.247300000000000000e+04
8.257300000000000000e+04
8.267300000000000000e+04
8.277300000000000000e+04
8.287300000000000000e+04
8.297300000000000000e+04
8.307300000000000000e+04
8.314900000000000000e+04
8.324900000000000000e+04
8.334900000000000000e+04
8.344900000000000000e+04
8.354900000000000000e+04
8.364900000000000000e+04
8.374900000000000000e+04
8.382500000000000000e+04
8.392500000000000000e+04
8.402500000000000000e+04
8.412500000000000000e+04
8.422500000000000000e+04
8.432500000000000000e+04
8.442500000000000000e+04
8.450100000000000000e+04
8.460100000000000000e+04
8.470100000000000000e+04
8.480100000000000000e+04
8.490100000000000000e+04
8.500100000000000000e+04
8.510100000000000000e+04
8.517700000000000000e+04
8.527700000000000000e+04
8.537700000000000000e+04
8.547700000000000000e+04
8.557700000000000000e+04
8.567700000000000000e+04
8.577700000000000000e+04
8.585300000000000000e+04
8.595300000000000000e+04
8.605300000000000000e+04
8.615300000000000000e+04
8.625300000000000000e+04
8.635300000000000000e+04
8.645300000000000000e+04
8.652900000000000000e+04
8.662900000000000000e+04
8.672900000000000000e+04
8.682900000000000000e+04
8.692900000000000000e+04
8.702900000000000000e+04
8.712900000000000000e+04
8.720500000000000000e+04
8.730500000000000000e+04
8.740500000000000000e+04
8.750500000000000000e+04
8.760500000000000000e+04
8.770500000000000000e+04
8.780500000000000000e+04
8.788100000000000000e+04
8.798100000000000000e+04
8.808100000000000000e+04
8.818100000000000000e+04
8.828100000000000000e+04
8.838100000000000000e+04
8.848100000000000000e+04
8.855700000000000000e+04
8.865700000000000000e+04
8.875700000000000000e+04
8.885700000000000000e+04
8.895700000000000000e+04
8.905700000000000000e+04
8.915700000000000000e+04
8.923300000000000000e+04
8.933300000000000000e+04
8.943300000000000000e+04
8.953300000000000000e+04
8.963300000000000000e+04
8.973300000000000000e+04
8.983300000000000000e+04
8.990900000000000000e+04
9.000900000000000000e+04
9.010900000000000000e+04
9.020900000000000000e+04
9.030900000000000000e+04
9.040900000000000000e+04
9.050900000000000000e+04
9.058500000000000000e+04
9.068500000000000000e+04
9.078500000000000000e+04
9.088500000000000000e+04
9.098500000000000000e+04
9.108500000000000000e+04
9.118500000000000000e+04
9.126100000000000000e+04
9.136100000000000000e+04
9.146100000000000000e+04
9.156100000000000000e+04
9.166100000000000000e+04
9.176100000000000000e+04
9.186100000000000000e+04
9.193700000000000000e+04
9.203700000000000000e+04
9.213700000000000000e+04
9.223700000000000000e+04
9.233700000000000000e+04
9.243700000000000000e+04
9.253700000000000000e+04
9.261300000000000000e+04
9.271300000000000000e+04
9.281300000000000000e+04
9.291300000000000000e+04
9.301300000000000000e+04
9.311300000000000000e+04
9.321300000000000000e+04
9.328900000000000000e+04
9.338900000000000000e+04
9.348900000000000000e+04
9.358900000000000000e+04
9.368900000000000000e+04
9.378900000000000000e+04
9.388900000000000000e+04
9.396500000000000000e+04
9.406500000000000000e+04
9.416500000000000000e+04
9.426500000000000000e+04
9.436500000000000000e+04
9.446500000000000000e+04
9.456500000000000000e+04
9.464100000000000000e+04
9.474100000000000000e+04
9.484100000000000000e+04
9.494100000000000000e+04
9.504100000000000000e+04
9.514100000000000000e+04
9.524100000000000000e+04
9.531700000000000000e+04
9.541700000000000000e+04
9.551700000000000000e+04
9.561700000000000000e+04
9.571700000000000000e+04
9.581700000000000000e+04
9.591700000000000000e+04
9.599300000000000000e+04
9.609300000000000000e+04
9.619300000000000000e+04
9.629300000000000000e+04
9.639300000000000000e+04
9.649300000000000000e+04
9.659300000000000000e+04
9.666900000000000000e+04
9.676900000000000000e+04
9.686900000000000000e+04
9.696900000000000000e+04
9.706900000000000000e+04
9.716900000000000000e+04
9.726900000000000000e+04
9.734500000000000000e+04
9.744500000000000000e+04
9.754500000000000000e+04
9.764500000000000000e+04
9.774500000000000000e+04
9.784500000000000000e+04
9.794500000000000000e+04
9.802100000000000000e+04
9.812100000000000000e+04
9.822100000000000000e+04
9.832100000000000000e+04
9.842100000000000000e+04
9.852100000000000000e+04
9.862100000000000000e+04
9.869700000000000000e+04
9.879700000000000000e+04
9.889700000000000000e+04
9.899700000000000000e+04
9.909700000000000000e+04
9.919700000000000000e+04
9.929700000000000000e+04
9.937300000000000000e+04
9.947300000000000000e+04
9.957300000000000000e+04
9.967300000000000000e+04
9.977300000000000000e+04
9.987300000000000000e+04
9.997300000000000000e+04
1.000490000000000000e+05
1.001490000000000000e+05
1.002490000000000000e+05
1.003490000000000000e+05
1.004490000000000000e+05
1.005490000000000000e+05
1.006490000000000000e+05
1.007250000000000000e+05
1.008250000000000000e+05
1.009250000000000000e+05
1.010250000000000000e+05
1.011250000000000000e+05
1.012250000000000000e+05
1.013250000000000000e+05
1.014010000000000000e+05
1.015010000000000000e+05
1.016010000000000000e+05
1.017010000000000000e+05
1.018010000000000000e+05
1.019010000000000000e+05
1.020010000000000000e+05
1.020770000000000000e+05
1.021770000000000000e+05
1.022770000000000000e+05
1.023770000000000000e+05
1.024770000000000000e+05
1.025770000000000000e+05
1.026770000000000000e+05
1.027530000000000000e+05
1.028530000000000000e+05
1.029530000000000000e+05
1.030530000000000000e+05
1.031530000000000000e+05
1.032530000000000000e+05
1.033530000000000000e+05
1.034290000000000000e+05
1.035290000000000000e+05
1.036290000000000000e+05
1.037290000000000000e+05
1.038290000000000000e+05
1.039290000000000000e+05
1.040290000000000000e+05
1.041050000000000000e+05
1.042050000000000000e+05
1.043050000000000000e+05
1.044050000000000000e+05
1.045050000000000000e+05
1.046050000000000000e+05
1.047050000000000000e+05
1.047810000000000000e+05
1.048810000000000000e+05
1.049810000000000000e+05
1.050810000000000000e+05
1.051810000000000000e+05
1.052810000000000000e+05
1.053810000000000000e+05
1.054570000000000000e+05
1.055570000000000000e+05
1.056570000000000000e+05
1.057570000000000000e+05
1.058570000000000000e+05
1.059570000000000000e+05
1.060570000000000000e+05
1.061330000000000000e+05
1.062330000000000000e+05
1.063330000000000000e+05
1.064330000000000000e+05
1.065330000000000000e+05
1.066330000000000000e+05
1.067330000000000000e+05
1.068090000000000000e+05
1.069090000000000000e+05
1.070090000000000000e+05
1.071090000000000000e+05
1.072090000000000000e+05
1.073090000000000000e+05
1.074090000000000000e+05
1.074850000000000000e+05
1.075850000000000000e+05
1.076850000000000000e+05
1.077850000000000000e+05
1.078850000000000000e+05
1.079850000000000000e+05
1.080850000000000000e+05
1.081610000000000000e+05
1.082610000000000000e+05
1.083610000000000000e+05
1.084610000000000000e+05
1.085610000000000000e+05
1.086610000000000000e+05
1.087610000000000000e+05
1.088370000000000000e+05
1.089370000000000000e+05
1.090370000000000000e+05
1.091370000000000000e+05
1.092370000000000000e+05
1.093370000000000000e+05
1.094370000000000000e+05
1.095130000000000000e+05
1.096130000000000000e+05
1.097130000000000000e+05
1.098130000000000000e+05
1.099130000000000000e+05
1.100130000000000000e+05
1.101130000000000000e+05
1.101890000000000000e+05
1.102890000000000000e+05
1.103890000000000000e+05
1.104890000000000000e+05
1.105890000000000000e+05
1.106890000000000000e+05
1.107890000000000000e+05
1.108650000000000000e+05
1.109650000000000000e+05
1.110650000000000000e+05
1.111650000000000000e+05
1.112650000000000000e+05
1.113650000000000000e+05
1.114650000000000000e+05
1.115410000000000000e+05
1.116410000000000000e+05
1.117410000000000000e+05
1.118410000000000000e+05
1.119410000000000000e+05
1.120410000000000000e+05
1.121410000000000000e+05
1.122170000000000000e+05
1.123170000000000000e+05
1.124170000000000000e+05
1.125170000000000000e+05
1.126170000000000000e+05
1.127170000000000000e+05
1.128170000000000000e+05
1.128930000000000000e+05
1.129930000000000000e+05
1.130930000000000000e+05
1.131930000000000000e+05
1.132930000000000000e+05
1.133930000000000000e+05
1.134930000000000000e+05
1.135690000000000000e+05
1.136690000000000000e+05
1.137690000000000000e+05
1.138690000000000000e+05
1.139690000000000000e+05
1.140690000000000000e+05
1.141690000000000000e+05
1.142450000000000000e+05
1.143450000000000000e+05
1.144450000000000000e+05
1.145450000000000000e+05
1.146450000000000000e+05
1.147450000000000000e+05
1.148450000000000000e+05
1.149210000000000000e+05
1.150210000000000000e+05
1.151210000000000000e+05
1.152210000000000000e+05
1.153210000000000000e+05
1.154210000000000000e+05
1.155210000000000000e+05
1.155970000000000000e+05
1.156970000000000000e+05
1.157970000000000000e+05
1.158970000000000000e+05
1.159970000000000000e+05
1.160970000000000000e+05
1.161970000000000000e+05
1.162730000000000000e+05
1.163730000000000000e+05
1.164730000000000000e+05
1.165730000000000000e+05
1.166730000000000000e+05
1.167730000000000000e+05
1.168730000000000000e+05
1.169490000000000000e+05
1.170490000000000000e+05
1.171490000000000000e+05
1.172490000000000000e+05
1.173490000000000000e+05
1.174490000000000000e+05
1.175490000000000000e+05
1.176250000000000000e+05
1.177250000000000000e+05
1.178250000000000000e+05
1.179250000000000000e+05
1.180250000000000000e+05
1.181250000000000000e+05
1.182250000000000000e+05
1.183010000000000000e+05
1.184010000000000000e+05
1.185010000000000000e+05
1.186010000000000000e+05
1.187010000000000000e+05
1.188010000000000000e+05
1.189010000000000000e+05
1.189770000000000000e+05
1.190770000000000000e+05
1.191770000000000000e+05
1.192770000000000000e+05
1.193770000000000000e+05
1.194770000000000000e+05
1.195770000000000000e+05
1.196530000000000000e+05
1.197530000000000000e+05
1.198530000000000000e+05
1.199530000000000000e+05
1.200530000000000000e+05
1.201530000000000000e+05
1.202530000000000000e+05
1.203290000000000000e+05
1.204290000000000000e+05
1.205290000000000000e+05
1.206290000000000000e+05
1.207290000000000000e+05
1.208290000000000000e+05
1.209290000000000000e+05
1.210050000000000000e+05
1.211050000000000000e+05
1.212050000000000000e+05
1.213050000000000000e+05
1.214050000000000000e+05
1.215050000000000000e+05
1.216050000000000000e+05
1.216810000000000000e+05
1.217810000000000000e+05
1.218810000000000000e+05
1.219810000000000000e+05
1.220810000000000000e+05
1.221810000000000000e+05
1.222810000000000000e+05
1.223570000000000000e+05
1.224570000000000000e+05
1.225570000000000000e+05
1.226570000000000000e+05
1.227570000000000000e+05
1.228570000000000000e+05
1.229570000000000000e+05
1.230330000000000000e+05
1.231330000000000000e+05
1.232330000000000000e+05
1.233330000000000000e+05
1.234330000000000000e+05
1.235330000000000000e+05
1.236330000000000000e+05
1.237090000000000000e+05
1.238090000000000000e+05
1.239090000000000000e+05
1.240090000000000000e+05
1.241090000000000000e+05
1.242090000000000000e+05
1.243090000000000000e+05
1.243850000000000000e+05
1.244850000000000000e+05
1.245850000000000000e+05
1.246850000000000000e+05
1.247850000000000000e+05
1.248850000000000000e+05
1.249850000000000000e+05
1.250610000000000000e+05
1.251610000000000000e+05
1.252610000000000000e+05
1.253610000000000000e+05
1.254610000000000000e+05
1.255610000000000000e+05
1.256610000000000000e+05
1.257370000000000000e+05
1.258370000000000000e+05
1.259370000000000000e+05
1.260370000000000000e+05
1.261370000000000000e+05
1.262370000000000000e+05
1.263370000000000000e+05
1.264130000000000000e+05
1.265130000000000000e+05
1.266130000000000000e+05
1.267130000000000000e+05
1.268130000000000000e+05
1.269130000000000000e+05
1.270130000000000000e+05
1.270890000000000000e+05
1.271890000000000000e+05
1.272890000000000000e+05
1.273890000000000000e+05
1.274890000000000000e+05
1.275890000000000000e+05
1.276890000000000000e+05
1.277650000000000000e+05
1.278650000000000000e+05
1.279650000000000000e+05
1.280650000000000000e+05
1.281650000000000000e+05
1.282650000000000000e+05
1.283650000000000000e+05
1.284410000000000000e+05
1.285410000000000000e+05
1.286410000000000000e+05
1.287410000000000000e+05
1.288410000000000000e+05
1.289410000000000000e+05
1.290410000000000000e+05
1.291170000000000000e+05
1.292170000000000000e+05
1.293170000000000000e+05
1.294170000000000000e+05
1.295170000000000000e+05
1.296170000000000000e+05
1.297170000000000000e+05
1.297930000000000000e+05
1.298930000000000000e+05
1.299930000000000000e+05
1.300930000000000000e+05
1.301930000000000000e+05
1.302930000000000000e+05
1.303930000000000000e+05
1.304690000000000000e+05
1.305690000000000000e+05
1.306690000000000000e+05
1.307690000000000000e+05
1.308690000000000000e+05
1.309690000000000000e+05
1.310690000000000000e+05
1.311450000000000000e+05
1.312450000000000000e+05
1.313450000000000000e+05
1.314450000000000000e+05
1.315450000000000000e+05
1.316450000000000000e+05
1.317450000000000000e+05
1.318210000000000000e+05
1.319210000000000000e+05
1.320210000000000000e+05
1.321210000000000000e+05
1.322210000000000000e+05
1.323210000000000000e+05
1.324210000000000000e+05
1.324970000000000000e+05
1.325970000000000000e+05
1.326970000000000000e+05
1.327970000000000000e+05
1.328970000000000000e+05
1.329970000000000000e+05
1.330970000000000000e+05
1.331730000000000000e+05
1.332730000000000000e+05
1.333730000000000000e+05
1.334730000000000000e+05
1.335730000000000000e+05
1.336730000000000000e+05
1.337730000000000000e+05
1.338490000000000000e+05
1.339490000000000000e+05
1.340490000000000000e+05
1.341490000000000000e+05
1.342490000000000000e+05
1.343490000000000000e+05
1.344490000000000000e+05
1.345250000000000000e+05
1.346250000000000000e+05
1.347250000000000000e+05
1.348250000000000000e+05
1.349250000000000000e+05
1.350250000000000000e+05
1.351250000000000000e+05
1.352010000000000000e+05
1.353010000000000000e+05
1.354010000000000000e+05
1.355010000000000000e+05
1.356010000000000000e+05
1.357010000000000000e+05
1.358010000000000000e+05
1.358770000000000000e+05
1.359770000000000000e+05
1.360770000000000000e+05
1.361770000000000000e+05
1.362770000000000000e+05
1.363770000000000000e+05
1.364770000000000000e+05
1.365530000000000000e+05
1.366530000000000000e+05
1.367530000000000000e+05
1.368530000000000000e+05
1.369530000000000000e+05
1.370530000000000000e+05
1.371530000000000000e+05
1.372290000000000000e+05
1.373290000000000000e+05
1.374290000000000000e+05
1.375290000000000000e+05
1.376290000000000000e+05
1.377290000000000000e+05
1.378290000000000000e+05
1.379050000000000000e+05
1.380050000000000000e+05
1.381050000000000000e+05
1.382050000000000000e+05
1.383050000000000000e+05
1.384050000000000000e+05
1.385050000000000000e+05
1.385810000000000000e+05
1.386810000000000000e+05
1.387810000000000000e+05
1.388810000000000000e+05
1.389810000000000000e+05
1.390810000000000000e+05
1.391810000000000000e+05
1.392570000000000000e+05
1.393570000000000000e+05
1.394570000000000000e+05
1.395570000000000000e+05
1.396570000000000000e+05
1.397570000000000000e+05
1.398570000000000000e+05
1.399330000000000000e+05
1.400330000000000000e+05
1.401330000000000000e+05
1.402330000000000000e+05
1.403330000000000000e+05
1.404330000000000000e+05
1.405330000000000000e+05
1.406090000000000000e+05
1.407090000000000000e+05
1.408090000000000000e+05
1.409090000000000000e+05
1.410090000000000000e+05
1.411090000000000000e+05
1.412090000000000000e+05
1.412850000000000000e+05
1.413850000000000000e+05
1.414850000000000000e+05
1.415850000000000000e+05
1.416850000000000000e+05
1.417850000000000000e+05
1.418850000000000000e+05
1.419610000000000000e+05
1.420610000000000000e+05
1.421610000000000000e+05
1.422610000000000000e+05
1.423610000000000000e+05
1.424610000000000000e+05
1.425610000000000000e+05
1.426370000000000000e+05
1.427370000000000000e+05
1.428370000000000000e+05
1.429370000000000000e+05
1.430370000000000000e+05
1.431370000000000000e+05
1.432370000000000000e+05
1.433130000000000000e+05
1.434130000000000000e+05
1.435130000000000000e+05
1.436130000000000000e+05
1.437130000000000000e+05
1.438130000000000000e+05
1.439130000000000000e+05
1.439890000000000000e+05
1.440890000000000000e+05
1.441890000000000000e+05
1.442890000000000000e+05
1.443890000000000000e+05
1.444890000000000000e+05
1.445890000000000000e+05
1.446650000000000000e+05
1.447650000000000000e+05
1.448650000000000000e+05
1.449650000000000000e+05
1.450650000000000000e+05
1.451650000000000000e+05
1.452650000000000000e+05
1.453410000000000000e+05
1.454410000000000000e+05
1.455410000000000000e+05
1.456410000000000000e+05
1.457410000000000000e+05
1.458410000000000000e+05
1.459410000000000000e+05
1.460170000000000000e+05
1.461170000000000000e+05
1.462170000000000000e+05
1.463170000000000000e+05
1.464170000000000000e+05
1.465170000000000000e+05
1.466170000000000000e+05
1.466930000000000000e+05
1.467930000000000000e+05
1.468930000000000000e+05
1.469930000000000000e+05
1.470930000000000000e+05
1.471930000000000000e+05
1.472930000000000000e+05
1.473690000000000000e+05
1.474690000000000000e+05
1.475690000000000000e+05
1.476690000000000000e+05
1.477690000000000000e+05
1.478690000000000000e+05
1.479690000000000000e+05
1.480450000000000000e+05
1.481450000000000000e+05
1.482450000000000000e+05
1.483450000000000000e+05
1.484450000000000000e+05
1.485450000000000000e+05
1.486450000000000000e+05
1.487210000000000000e+05
1.488210000000000000e+05
1.489210000000000000e+05
1.490210000000000000e+05
1.491210000000000000e+05
1.492210000000000000e+05
1.493210000000000000e+05
1.493970000000000000e+05
1.494970000000000000e+05
1.495970000000000000e+05
1.496970000000000000e+05
1.497970000000000000e+05
1.498970000000000000e+05
1.499970000000000000e+05
1.500730000000000000e+05
1.501730000000000000e+05
1.502730000000000000e+05
1.503730000000000000e+05
1.504730000000000000e+05
1.505730000000000000e+05
1.506730000000000000e+05
1.507490000000000000e+05
1.508490000000000000e+05
1.509490000000000000e+05
1.510490000000000000e+05
1.511490000000000000e+05
1.512490000000000000e+05
1.513490000000000000e+05
1.514250000000000000e+05
1.515250000000000000e+05
1.516250000000000000e+05
1.517250000000000000e+05
1.518250000000000000e+05
1.519250000000000000e+05
1.520250000000000000e+05
1.521010000000000000e+05
1.522010000000000000e+05
1.523010000000000000e+05
1.524010000000000000e+05
1.525010000000000000e+05
1.526010000000000000e+05
1.527010000000000000e+05
1.527770000000000000e+05
1.528770000000000000e+05
1.529770000000000000e+05
1.530770000000000000e+05
1.531770000000000000e+05
1.532770000000000000e+05
1.533770000000000000e+05
1.534530000000000000e+05
1.535530000000000000e+05
1.536530000000000000e+05
1.537530000000000000e+05
1.538530000000000000e+05
1.539530000000000000e+05
1.540530000000000000e+05
1.541290000000000000e+05
1.542290000000000000e+05
1.543290000000000000e+05
1.544290000000000000e+05
1.545290000000000000e+05
1.546290000000000000e+05
1.547290000000000000e+05
1.548050000000000000e+05
1.549050000000000000e+05
1.550050000000000000e+05
1.551050000000000000e+05
1.552050000000000000e+05
1.553050000000000000e+05
1.554050000000000000e+05
1.554810000000000000e+05
1.555810000000000000e+05
1.556810000000000000e+05
1.557810000000000000e+05
1.558810000000000000e+05
1.559810000000000000e+05
1.560810000000000000e+05
1.561570000000000000e+05
1.562570000000000000e+05
1.563570000000000000e+05
1.564570000000000000e+05
1.565570000000000000e+05
1.566570000000000000e+05
1.567570000000000000e+05
1.568330000000000000e+05
1.569330000000000000e+05
1.570330000000000000e+05
1.571330000000000000e+05
1.572330000000000000e+05
1.573330000000000000e+05
1.574330000000000000e+05
1.575090000000000000e+05
1.576090000000000000e+05
1.577090000000000000e+05
1.578090000000000000e+05
1.579090000000000000e+05
1.580090000000000000e+05
1.581090000000000000e+05
1.581850000000000000e+05
1.582850000000000000e+05
1.583850000000000000e+05
1.584850000000000000e+05
1.585850000000000000e+05
1.586850000000000000e+05
1.587850000000000000e+05
1.588610000000000000e+05
1.589610000000000000e+05
1.590610000000000000e+05
1.591610000000000000e+05
1.592610000000000000e+05
1.593610000000000000e+05
1.594610000000000000e+05
1.595370000000000000e+05
1.596370000000000000e+05
1.597370000000000000e+05
1.598370000000000000e+05
1.599370000000000000e+05
1.600370000000000000e+05
1.601370000000000000e+05
1.602130000000000000e+05
1.603130000000000000e+05
1.604130000000000000e+05
1.605130000000000000e+05
1.606130000000000000e+05
1.607130000000000000e+05
1.608130000000000000e+05
1.608890000000000000e+05
1.609890000000000000e+05
1.610890000000000000e+05
1.611890000000000000e+05
1.612890000000000000e+05
1.613890000000000000e+05
1.614890000000000000e+05
1.615650000000000000e+05
1.616650000000000000e+05
1.617650000000000000e+05
1.618650000000000000e+05
1.619650000000000000e+05
1.620650000000000000e+05
1.621650000000000000e+05
1.622410000000000000e+05
1.623410000000000000e+05
1.624410000000000000e+05
1.625410000000000000e+05
1.626410000000000000e+05
1.627410000000000000e+05
1.628410000000000000e+05
1.629170000000000000e+05
1.630170000000000000e+05
1.631170000000000000e+05
1.632170000000000000e+05
1.633170000000000000e+05
1.634170000000000000e+05
1.635170000000000000e+05
1.635930000000000000e+05
1.636930000000000000e+05
1.637930000000000000e+05
1.638930000000000000e+05
1.639930000000000000e+05
1.640930000000000000e+05
1.641930000000000000e+05
1.642690000000000000e+05
1.643690000000000000e+05
1.644690000000000000e+05
1.645690000000000000e+05
1.646690000000000000e+05
1.647690000000000000e+05
1.648690000000000000e+05
1.649450000000000000e+05
1.650450000000000000e+05
1.651450000000000000e+05
1.652450000000000000e+05
1.653450000000000000e+05
1.654450000000000000e+05
1.655450000000000000e+05
1.656210000000000000e+05
1.657210000000000000e+05
1.658210000000000000e+05
1.659210000000000000e+05
1.660210000000000000e+05
1.661210000000000000e+05
1.662210000000000000e+05
1.662970000000000000e+05
1.663970000000000000e+05
1.664970000000000000e+05
1.665970000000000000e+05
1.666970000000000000e+05
1.667970000000000000e+05
1.668970000000000000e+05
1.669730000000000000e+05
1.670730000000000000e+05
1.671730000000000000e+05
1.672730000000000000e+05
1.673730000000000000e+05
1.674730000000000000e+05
1.675730000000000000e+05
1.676490000000000000e+05
1.677490000000000000e+05
1.678490000000000000e+05
1.679490000000000000e+05
1.680490000000000000e+05
1.681490000000000000e+05
1.682490000000000000e+05
1.683250000000000000e+05
1.684250000000000000e+05
1.685250000000000000e+05
1.686250000000000000e+05
1.687250000000000000e+05
1.688250000000000000e+05
1.689250000000000000e+05
1.690010000000000000e+05
1.691010000000000000e+05
1.692010000000000000e+05
1.693010000000000000e+05
1.694010000000000000e+05
1.695010000000000000e+05
1.696010000000000000e+05
1.696770000000000000e+05
1.697770000000000000e+05
1.698770000000000000e+05
1.699770000000000000e+05
1.700770000000000000e+05
1.701770000000000000e+05
1.702770000000000000e+05
1.703530000000000000e+05
1.704530000000000000e+05
1.705530000000000000e+05
1.706530000000000000e+05
1.707530000000000000e+05
1.708530000000000000e+05
1.709530000000000000e+05
1.710290000000000000e+05
1.711290000000000000e+05
1.712290000000000000e+05
1.713290000000000000e+05
1.714290000000000000e+05
1.715290000000000000e+05
1.716290000000000000e+05
1.717050000000000000e+05
1.718050000000000000e+05
1.719050000000000000e+05
1.720050000000000000e+05
1.721050000000000000e+05
1.722050000000000000e+05
1.723050000000000000e+05
1.723810000000000000e+05
1.724810000000000000e+05
1.725810000000000000e+05
1.726810000000000000e+05
1.727810000000000000e+05
1.728810000000000000e+05
1.729810000000000000e+05
1.730570000000000000e+05
1.731570000000000000e+05
1.732570000000000000e+05
1.733570000000000000e+05
1.734570000000000000e+05
1.735570000000000000e+05
1.736570000000000000e+05
1.737330000000000000e+05
1.738330000000000000e+05
1.739330000000000000e+05
1.740330000000000000e+05
1.741330000000000000e+05
1.742330000000000000e+05
1.743330000000000000e+05
1.744090000000000000e+05
1.745090000000000000e+05
1.746090000000000000e+05
1.747090000000000000e+05
1.748090000000000000e+05
1.749090000000000000e+05
1.750090000000000000e+05
1.750850000000000000e+05
1.751850000000000000e+05
1.752850000000000000e+05
1.753850000000000000e+05
1.754850000000000000e+05
1.755850000000000000e+05
1.756850000000000000e+05
1.757610000000000000e+05
1.758610000000000000e+05
1.759610000000000000e+05
1.760610000000000000e+05
1.761610000000000000e+05
1.762610000000000000e+05
1.763610000000000000e+05
1.764370000000000000e+05
1.765370000000000000e+05
1.766370000000000000e+05
1.767370000000000000e+05
1.768370000000000000e+05
1.769370000000000000e+05
1.770370000000000000e+05
1.771130000000000000e+05
1.772130000000000000e+05
1.773130000000000000e+05
1.774130000000000000e+05
1.775130000000000000e+05
1.776130000000000000e+05
1.777130000000000000e+05
1.777890000000000000e+05
1.778890000000000000e+05
1.779890000000000000e+05
1.780890000000000000e+05
1.781890000000000000e+05
1.782890000000000000e+05
1.783890000000000000e+05
1.784650000000000000e+05
1.785650000000000000e+05
1.786650000000000000e+05
1.787650000000000000e+05
1.788650000000000000e+05
1.789650000000000000e+05
1.790650000000000000e+05
1.791410000000000000e+05
1.792410000000000000e+05
1.793410000000000000e+05
1.794410000000000000e+05
1.795410000000000000e+05
1.796410000000000000e+05
1.797410000000000000e+05
1.798170000000000000e+05
1.799170000000000000e+05
1.800170000000000000e+05
1.801170000000000000e+05
1.802170000000000000e+05
1.803170000000000000e+05
1.804170000000000000e+05
1.804930000000000000e+05
1.805930000000000000e+05
1.806930000000000000e+05
1.807930000000000000e+05
1.808930000000000000e+05
1.809930000000000000e+05
1.810930000000000000e+05
1.811690000000000000e+05
1.812690000000000000e+05
1.813690000000000000e+05
1.814690000000000000e+05
1.815690000000000000e+05
1.816690000000000000e+05
1.817690000000000000e+05
1.818450000000000000e+05
1.819450000000000000e+05
1.820450000000000000e+05
1.821450000000000000e+05
1.822450000000000000e+05
1.823450000000000000e+05
1.824450000000000000e+05
1.825210000000000000e+05
1.826210000000000000e+05
1.827210000000000000e+05
1.828210000000000000e+05
1.829210000000000000e+05
1.830210000000000000e+05
1.831210000000000000e+05
1.831970000000000000e+05
1.832970000000000000e+05
1.833970000000000000e+05
1.834970000000000000e+05
1.835970000000000000e+05
1.836970000000000000e+05
1.837970000000000000e+05
1.838730000000000000e+05
1.839730000000000000e+05
1.840730000000000000e+05
1.841730000000000000e+05
1.842730000000000000e+05
1.843730000000000000e+05
1.844730000000000000e+05
1.845490000000000000e+05
1.846490000000000000e+05
1.847490000000000000e+05
1.848490000000000000e+05
1.849490000000000000e+05
1.850490000000000000e+05
1.851490000000000000e+05
1.852250000000000000e+05
1.853250000000000000e+05
1.854250000000000000e+05
1.855250000000000000e+05
1.856250000000000000e+05
1.857250000000000000e+05
1.858250000000000000e+05
1.859010000000000000e+05
1.860010000000000000e+05
1.861010000000000000e+05
1.862010000000000000e+05
1.863010000000000000e+05
1.864010000000000000e+05
1.865010000000000000e+05
1.865770000000000000e+05
1.866770000000000000e+05
1.867770000000000000e+05
1.868770000000000000e+05
1.869770000000000000e+05
1.870770000000000000e+05
1.871770000000000000e+05
1.872530000000000000e+05
1.873530000000000000e+05
1.874530000000000000e+05
1.875530000000000000e+05
1.876530000000000000e+05
1.877530000000000000e+05
1.878530000000000000e+05
1.879290000000000000e+05
1.880290000000000000e+05
1.881290000000000000e+05
1.882290000000000000e+05
1.883290000000000000e+05
1.884290000000000000e+05
1.885290000000000000e+05
1.886050000000000000e+05
1.887050000000000000e+05
1.888050000000000000e+05
1.889050000000000000e+05
1.890050000000000000e+05
1.891050000000000000e+05
1.892050000000000000e+05
1.892810000000000000e+05
1.893810000000000000e+05
1.894810000000000000e+05
1.895810000000000000e+05
1.896810000000000000e+05
1.897810000000000000e+05
1.898810000000000000e+05
1.899570000000000000e+05
1.900570000000000000e+05
1.901570000000000000e+05
1.902570000000000000e+05
1.903570000000000000e+05
1.904570000000000000e+05
1.905570000000000000e+05
1.906330000000000000e+05
1.907330000000000000e+05
1.908330000000000000e+05
1.909330000000000000e+05
1.910330000000000000e+05
1.911330000000000000e+05
1.912330000000000000e+05
1.913090000000000000e+05
1.914090000000000000e+05
1.915090000000000000e+05
1.916090000000000000e+05
1.917090000000000000e+05
1.918090000000000000e+05
1.919090000000000000e+05
1.919850000000000000e+05
1.920850000000000000e+05
1.921850000000000000e+05
1.922850000000000000e+05
1.923850000000000000e+05
1.924850000000000000e+05
1.925850000000000000e+05
1.926610000000000000e+05
1.927610000000000000e+05
1.928610000000000000e+05
1.929610000000000000e+05
1.930610000000000000e+05
1.931610000000000000e+05
1.932610000000000000e+05
1.933370000000000000e+05
1.934370000000000000e+05
1.935370000000000000e+05
1.936370000000000000e+05
1.937370000000000000e+05
1.938370000000000000e+05
1.939370000000000000e+05
1.940130000000000000e+05
1.941130000000000000e+05
1.942130000000000000e+05
1.943130000000000000e+05
1.944130000000000000e+05
1.945130000000000000e+05
1.946130000000000000e+05
1.946890000000000000e+05
1.947890000000000000e+05
1.948890000000000000e+05
1.949890000000000000e+05
1.950890000000000000e+05
1.951890000000000000e+05
1.952890000000000000e+05
1.953650000000000000e+05
1.954650000000000000e+05
1.955650000000000000e+05
1.956650000000000000e+05
1.957650000000000000e+05
1.958650000000000000e+05
1.959650000000000000e+05
1.960410000000000000e+05
1.961410000000000000e+05
1.962410000000000000e+05
1.963410000000000000e+05
1.964410000000000000e+05
1.965410000000000000e+05
1.966410000000000000e+05
1.967170000000000000e+05
1.968170000000000000e+05
1.969170000000000000e+05
1.970170000000000000e+05
1.971170000000000000e+05
1.972170000000000000e+05
1.973170000000000000e+05
1.973930000000000000e+05
1.974930000000000000e+05
1.975930000000000000e+05
1.976930000000000000e+05
1.977930000000000000e+05
1.978930000000000000e+05
1.979930000000000000e+05
1.980690000000000000e+05
1.981690000000000000e+05
1.982690000000000000e+05
1.983690000000000000e+05
1.984690000000000000e+05
1.985690000000000000e+05
1.986690000000000000e+05
1.987450000000000000e+05
1.988450000000000000e+05
1.989450000000000000e+05
1.990450000000000000e+05
1.991450000000000000e+05
1.992450000000000000e+05
1.993450000000000000e+05
1.994210000000000000e+05
1.995210000000000000e+05
1.996210000000000000e+05
1.997210000000000000e+05
1.998210000000000000e+05
1.999210000000000000e+05
2.000210000000000000e+05
2.000970000000000000e+05
2.001970000000000000e+05
2.002970000000000000e+05
2.003970000000000000e+05
2.004970000000000000e+05
2.005970000000000000e+05
2.006970000000000000e+05
2.007730000000000000e+05
2.008730000000000000e+05
2.009730000000000000e+05
2.010730000000000000e+05
2.011730000000000000e+05
2.012730000000000000e+05
2.013730000000000000e+05
2.014490000000000000e+05
2.015490000000000000e+05
2.016490000000000000e+05
2.017490000000000000e+05
2.018490000000000000e+05
2.019490000000000000e+05
2.020490000000000000e+05
2.021250000000000000e+05
2.022250000000000000e+05
2.023250000000000000e+05
2.024250000000000000e+05
2.025250000000000000e+05
2.026250000000000000e+05
2.027250000000000000e+05
2.028010000000000000e+05
2.029010000000000000e+05
2.030010000000000000e+05
2.031010000000000000e+05
2.032010000000000000e+05
2.033010000000000000e+05
2.034010000000000000e+05
2.034770000000000000e+05
2.035770000000000000e+05
2.036770000000000000e+05
2.037770000000000000e+05
2.038770000000000000e+05
2.039770000000000000e+05
2.040770000000000000e+05
2.041530000000000000e+05
2.042530000000000000e+05
2.043530000000000000e+05
2.044530000000000000e+05
2.045530000000000000e+05
2.046530000000000000e+05
2.047530000000000000e+05
2.048290000000000000e+05
2.049290000000000000e+05
2.050290000000000000e+05
2.051290000000000000e+05
2.052290000000000000e+05
2.053290000000000000e+05
2.054290000000000000e+05
2.055050000000000000e+05
2.056050000000000000e+05
2.057050000000000000e+05
2.058050000000000000e+05
2.059050000000000000e+05
2.060050000000000000e+05
2.061050000000000000e+05
2.061810000000000000e+05
2.062810000000000000e+05
2.063810000000000000e+05
2.064810000000000000e+05
2.065810000000000000e+05
2.066810000000000000e+05
2.067810000000000000e+05
2.068570000000000000e+05
2.069570000000000000e+05
2.070570000000000000e+05
2.071570000000000000e+05
2.072570000000000000e+05
2.073570000000000000e+05
2.074570000000000000e+05
2.075330000000000000e+05
2.076330000000000000e+05
2.077330000000000000e+05
2.078330000000000000e+05
2.079330000000000000e+05
2.080330000000000000e+05
2.081330000000000000e+05
2.082090000000000000e+05
2.083090000000000000e+05
2.084090000000000000e+05
2.085090000000000000e+05
2.086090000000000000e+05
2.087090000000000000e+05
2.088090000000000000e+05
2.088850000000000000e+05
2.089850000000000000e+05
2.090850000000000000e+05
2.091850000000000000e+05
2.092850000000000000e+05
2.093850000000000000e+05
2.094850000000000000e+05
2.095610000000000000e+05
2.096610000000000000e+05
2.097610000000000000e+05
2.098610000000000000e+05
2.099610000000000000e+05
2.100610000000000000e+05
2.101610000000000000e+05
2.102370000000000000e+05
2.103370000000000000e+05
2.104370000000000000e+05
2.105370000000000000e+05
2.106370000000000000e+05
2.107370000000000000e+05
2.108370000000000000e+05
2.109130000000000000e+05
2.110130000000000000e+05
2.111130000000000000e+05
2.112130000000000000e+05
2.113130000000000000e+05
2.114130000000000000e+05
2.115130000000000000e+05
2.115890000000000000e+05
2.116890000000000000e+05
2.117890000000000000e+05
2.118890000000000000e+05
2.119890000000000000e+05
2.120890000000000000e+05
2.121890000000000000e+05
2.122650000000000000e+05
2.123650000000000000e+05
2.124650000000000000e+05
2.125650000000000000e+05
2.126650000000000000e+05
2.127650000000000000e+05
2.128650000000000000e+05
2.129410000000000000e+05
2.130410000000000000e+05
2.131410000000000000e+05
2.132410000000000000e+05
2.133410000000000000e+05
2.134410000000000000e+05
2.135410000000000000e+05
2.136170000000000000e+05
2.137170000000000000e+05
2.138170000000000000e+05
2.139170000000000000e+05
2.140170000000000000e+05
2.141170000000000000e+05
2.142170000000000000e+05
2.142930000000000000e+05
2.143930000000000000e+05
2.144930000000000000e+05
2.145930000000000000e+05
2.146930000000000000e+05
2.147930000000000000e+05
2.148930000000000000e+05
2.149690000000000000e+05
2.150690000000000000e+05
2.151690000000000000e+05
2.152690000000000000e+05
2.153690000000000000e+05
2.154690000000000000e+05
2.155690000000000000e+05
2.156450000000000000e+05
2.157450000000000000e+05
2.158450000000000000e+05
2.159450000000000000e+05
2.160450000000000000e+05
2.161450000000000000e+05
2.162450000000000000e+05
2.163210000000000000e+05
2.164210000000000000e+05
2.165210000000000000e+05
2.166210000000000000e+05
2.167210000000000000e+05
2.168210000000000000e+05
2.169210000000000000e+05
2.169970000000000000e+05
2.170970000000000000e+05
2.171970000000000000e+05
2.172970000000000000e+05
2.173970000000000000e+05
2.174970000000000000e+05
2.175970000000000000e+05
2.176730000000000000e+05
2.177730000000000000e+05
2.178730000000000000e+05
2.179730000000000000e+05
2.180730000000000000e+05
2.181730000000000000e+05
2.182730000000000000e+05
2.183490000000000000e+05
2.184490000000000000e+05
2.185490000000000000e+05
2.186490000000000000e+05
2.187490000000000000e+05
2.188490000000000000e+05
2.189490000000000000e+05
2.190250000000000000e+05
2.191250000000000000e+05
2.192250000000000000e+05
2.193250000000000000e+05
2.194250000000000000e+05
2.195250000000000000e+05
2.196250000000000000e+05
2.197010000000000000e+05
2.198010000000000000e+05
2.199010000000000000e+05
2.200010000000000000e+05
2.201010000000000000e+05
2.202010000000000000e+05
2.203010000000000000e+05
2.203770000000000000e+05
2.204770000000000000e+05
2.205770000000000000e+05
2.206770000000000000e+05
2.207770000000000000e+05
2.208770000000000000e+05
2.209770000000000000e+05
2.210530000000000000e+05
2.211530000000000000e+05
2.212530000000000000e+05
2.213530000000000000e+05
2.214530000000000000e+05
2.215530000000000000e+05
2.216530000000000000e+05
2.217290000000000000e+05
2.218290000000000000e+05
2.219290000000000000e+05
2.220290000000000000e+05
2.221290000000000000e+05
2.222290000000000000e+05
2.223290000000000000e+05
2.224050000000000000e+05
2.225050000000000000e+05
2.226050000000000000e+05
2.227050000000000000e+05
2.228050000000000000e+05
2.229050000000000000e+05
2.230050000000000000e+05
2.230810000000000000e+05
2.231810000000000000e+05
2.232810000000000000e+05
2.233810000000000000e+05
2.234810000000000000e+05
2.235810000000000000e+05
2.236810000000000000e+05
2.237570000000000000e+05
2.238570000000000000e+05
2.239570000000000000e+05
2.240570000000000000e+05
2.241570000000000000e+05
2.242570000000000000e+05
2.243570000000000000e+05
2.244330000000000000e+05
2.245330000000000000e+05
2.246330000000000000e+05
2.247330000000000000e+05
2.248330000000000000e+05
2.249330000000000000e+05
2.250330000000000000e+05
2.251090000000000000e+05
2.252090000000000000e+05
2.253090000000000000e+05
2.254090000000000000e+05
2.255090000000000000e+05
2.256090000000000000e+05
2.257090000000000000e+05
2.257850000000000000e+05
2.258850000000000000e+05
2.259850000000000000e+05
2.260850000000000000e+05
2.261850000000000000e+05
2.262850000000000000e+05
2.263850000000000000e+05
2.264610000000000000e+05
2.265610000000000000e+05
2.266610000000000000e+05
2.267610000000000000e+05
2.268610000000000000e+05
2.269610000000000000e+05
2.270610000000000000e+05
2.271370000000000000e+05
2.272370000000000000e+05
2.273370000000000000e+05
2.274370000000000000e+05
2.275370000000000000e+05
2.276370000000000000e+05
2.277370000000000000e+05
2.278130000000000000e+05
2.279130000000000000e+05
2.280130000000000000e+05
2.281130000000000000e+05
2.282130000000000000e+05
2.283130000000000000e+05
2.284130000000000000e+05
2.284890000000000000e+05
2.285890000000000000e+05
2.286890000000000000e+05
2.287890000000000000e+05
2.288890000000000000e+05
2.289890000000000000e+05
2.290890000000000000e+05
2.291650000000000000e+05
2.292650000000000000e+05
2.293650000000000000e+05
2.294650000000000000e+05
2.295650000000000000e+05
2.296650000000000000e+05
2.297650000000000000e+05
2.298410000000000000e+05
2.299410000000000000e+05
2.300410000000000000e+05
2.301410000000000000e+05
2.302410000000000000e+05
2.303410000000000000e+05
2.304410000000000000e+05
2.305170000000000000e+05
2.306170000000000000e+05
2.307170000000000000e+05
2.308170000000000000e+05
2.309170000000000000e+05
2.310170000000000000e+05
2.311170000000000000e+05
2.311930000000000000e+05
2.312930000000000000e+05
2.313930000000000000e+05
2.314930000000000000e+05
2.315930000000000000e+05
2.316930000000000000e+05
2.317930000000000000e+05
2.318690000000000000e+05
2.319690000000000000e+05
2.320690000000000000e+05
2.321690000000000000e+05
2.322690000000000000e+05
2.323690000000000000e+05
2.324690000000000000e+05
2.325450000000000000e+05
2.326450000000000000e+05
2.327450000000000000e+05
2.328450000000000000e+05
2.329450000000000000e+05
2.330450000000000000e+05
2.331450000000000000e+05
2.332210000000000000e+05
2.333210000000000000e+05
2.334210000000000000e+05
2.335210000000000000e+05
2.336210000000000000e+05
2.337210000000000000e+05
2.338210000000000000e+05
2.338970000000000000e+05
2.339970000000000000e+05
2.340970000000000000e+05
2.341970000000000000e+05
2.342970000000000000e+05
2.343970000000000000e+05
2.344970000000000000e+05
2.345730000000000000e+05
2.346730000000000000e+05
2.347730000000000000e+05
2.348730000000000000e+05
2.349730000000000000e+05
2.350730000000000000e+05
2.351730000000000000e+05
2.352490000000000000e+05
2.353490000000000000e+05
2.354490000000000000e+05
2.355490000000000000e+05
2.356490000000000000e+05
2.357490000000000000e+05
2.358490000000000000e+05
2.359250000000000000e+05
2.360250000000000000e+05
2.361250000000000000e+05
2.362250000000000000e+05
2.363250000000000000e+05
2.364250000000000000e+05
2.365250000000000000e+05
2.366010000000000000e+05
2.367010000000000000e+05
2.368010000000000000e+05
2.369010000000000000e+05
2.370010000000000000e+05
2.371010000000000000e+05
2.372010000000000000e+05
2.372770000000000000e+05
2.373770000000000000e+05
2.374770000000000000e+05
2.375770000000000000e+05
2.376770000000000000e+05
2.377770000000000000e+05
2.378770000000000000e+05
2.379530000000000000e+05
2.380530000000000000e+05
2.381530000000000000e+05
2.382530000000000000e+05
2.383530000000000000e+05
2.384530000000000000e+05
2.385530000000000000e+05
2.386290000000000000e+05
2.387290000000000000e+05
2.388290000000000000e+05
2.389290000000000000e+05
2.390290000000000000e+05
2.391290000000000000e+05
2.392290000000000000e+05
2.393050000000000000e+05
2.394050000000000000e+05
2.395050000000000000e+05
2.396050000000000000e+05
2.397050000000000000e+05
2.398050000000000000e+05
2.399050000000000000e+05
2.399810000000000000e+05
2.400810000000000000e+05
2.401810000000000000e+05
2.402810000000000000e+05
2.403810000000000000e+05
2.404810000000000000e+05
2.405810000000000000e+05
2.406570000000000000e+05
2.407570000000000000e+05
2.408570000000000000e+05
2.409570000000000000e+05
2.410570000000000000e+05
2.411570000000000000e+05
2.412570000000000000e+05
2.413330000000000000e+05
2.414330000000000000e+05
2.415330000000000000e+05
2.416330000000000000e+05
2.417330000000000000e+05
2.418330000000000000e+05
2.419330000000000000e+05
2.420090000000000000e+05
2.421090000000000000e+05
2.422090000000000000e+05
2.423090000000000000e+05
2.424090000000000000e+05
2.425090000000000000e+05
2.426090000000000000e+05
2.426850000000000000e+05
2.427850000000000000e+05
2.428850000000000000e+05
2.429850000000000000e+05
2.430850000000000000e+05
2.431850000000000000e+05
2.432850000000000000e+05
2.433610000000000000e+05
2.434610000000000000e+05
2.435610000000000000e+05
2.436610000000000000e+05
2.437610000000000000e+05
2.438610000000000000e+05
2.439610000000000000e+05
2.440370000000000000e+05
2.441370000000000000e+05
2.442370000000000000e+05
2.443370000000000000e+05
2.444370000000000000e+05
2.445370000000000000e+05
2.446370000000000000e+05
2.447130000000000000e+05
2.448130000000000000e+05
2.449130000000000000e+05
2.450130000000000000e+05
2.451130000000000000e+05
2.452130000000000000e+05
2.453130000000000000e+05
2.453890000000000000e+05
2.454890000000000000e+05
2.455890000000000000e+05
2.456890000000000000e+05
2.457890000000000000e+05
2.458890000000000000e+05
2.459890000000000000e+05
2.460650000000000000e+05
2.461650000000000000e+05
2.462650000000000000e+05
2.463650000000000000e+05
2.464650000000000000e+05
2.465650000000000000e+05
2.466650000000000000e+05
2.467410000000000000e+05
2.468410000000000000e+05
2.469410000000000000e+05
2.470410000000000000e+05
2.471410000000000000e+05
2.472410000000000000e+05
2.473410000000000000e+05
2.474170000000000000e+05
2.475170000000000000e+05
2.476170000000000000e+05
2.477170000000000000e+05
2.478170000000000000e+05
2.479170000000000000e+05
2.480170000000000000e+05
2.480930000000000000e+05
2.481930000000000000e+05
2.482930000000000000e+05
2.483930000000000000e+05
2.484930000000000000e+05
2.485930000000000000e+05
2.486930000000000000e+05
2.487690000000000000e+05
2.488690000000000000e+05
2.489690000000000000e+05
2.490690000000000000e+05
2.491690000000000000e+05
2.492690000000000000e+05
2.493690000000000000e+05
2.494450000000000000e+05
2.495450000000000000e+05
2.496450000000000000e+05
2.497450000000000000e+05
2.498450000000000000e+05
2.499450000000000000e+05
2.500450000000000000e+05
2.501210000000000000e+05
2.502210000000000000e+05
2.503210000000000000e+05
2.504210000000000000e+05
2.505210000000000000e+05
2.506210000000000000e+05
2.507210000000000000e+05
2.507970000000000000e+05
2.508970000000000000e+05
2.509970000000000000e+05
2.510970000000000000e+05
2.511970000000000000e+05
2.512970000000000000e+05
2.513970000000000000e+05
2.514730000000000000e+05
2.515730000000000000e+05
2.516730000000000000e+05
2.517730000000000000e+05
2.518730000000000000e+05
2.519730000000000000e+05
2.520730000000000000e+05
2.521490000000000000e+05
2.522490000000000000e+05
2.523490000000000000e+05
2.524490000000000000e+05
2.525490000000000000e+05
2.526490000000000000e+05
2.527490000000000000e+05
2.528250000000000000e+05
2.529250000000000000e+05
2.530250000000000000e+05
2.531250000000000000e+05
2.532250000000000000e+05
2.533250000000000000e+05
2.534250000000000000e+05
2.535010000000000000e+05
2.536010000000000000e+05
2.537010000000000000e+05
2.538010000000000000e+05
2.539010000000000000e+05
2.540010000000000000e+05
2.541010000000000000e+05
2.541770000000000000e+05
2.542770000000000000e+05
2.543770000000000000e+05
2.544770000000000000e+05
2.545770000000000000e+05
2.546770000000000000e+05
2.547770000000000000e+05
2.548530000000000000e+05
2.549530000000000000e+05
2.550530000000000000e+05
2.551530000000000000e+05
2.552530000000000000e+05
2.553530000000000000e+05
2.554530000000000000e+05
2.555290000000000000e+05
2.556290000000000000e+05
2.557290000000000000e+05
2.558290000000000000e+05
2.559290000000000000e+05
2.560290000000000000e+05
2.561290000000000000e+05
2.562050000000000000e+05
2.563050000000000000e+05
2.564050000000000000e+05
2.565050000000000000e+05
2.566050000000000000e+05
2.567050000000000000e+05
2.568050000000000000e+05
2.568810000000000000e+05
2.569810000000000000e+05
2.570810000000000000e+05
2.571810000000000000e+05
2.572810000000000000e+05
2.573810000000000000e+05
2.574810000000000000e+05
2.575570000000000000e+05
2.576570000000000000e+05
2.577570000000000000e+05
2.578570000000000000e+05
2.579570000000000000e+05
2.580570000000000000e+05
2.581570000000000000e+05
2.582330000000000000e+05
2.583330000000000000e+05
2.584330000000000000e+05
2.585330000000000000e+05
2.586330000000000000e+05
2.587330000000000000e+05
2.588330000000000000e+05
2.589090000000000000e+05
2.590090000000000000e+05
2.591090000000000000e+05
2.592090000000000000e+05
2.593090000000000000e+05
2.594090000000000000e+05
2.595090000000000000e+05
2.595850000000000000e+05
2.596850000000000000e+05
2.597850000000000000e+05
2.598850000000000000e+05
2.599850000000000000e+05
2.600850000000000000e+05
2.601850000000000000e+05
2.602610000000000000e+05
2.603610000000000000e+05
2.604610000000000000e+05
2.605610000000000000e+05
2.606610000000000000e+05
2.607610000000000000e+05
2.608610000000000000e+05
2.609370000000000000e+05
2.610370000000000000e+05
2.611370000000000000e+05
2.612370000000000000e+05
2.613370000000000000e+05
2.614370000000000000e+05
2.615370000000000000e+05
2.616130000000000000e+05
2.617130000000000000e+05
2.618130000000000000e+05
2.619130000000000000e+05
2.620130000000000000e+05
2.621130000000000000e+05
2.622130000000000000e+05
2.622890000000000000e+05
2.623890000000000000e+05
2.624890000000000000e+05
2.625890000000000000e+05
2.626890000000000000e+05
2.627890000000000000e+05
2.628890000000000000e+05
2.629650000000000000e+05
2.630650000000000000e+05
2.631650000000000000e+05
2.632650000000000000e+05
2.633650000000000000e+05
2.634650000000000000e+05
2.635650000000000000e+05
2.636410000000000000e+05
2.637410000000000000e+05
2.638410000000000000e+05
2.639410000000000000e+05
2.640410000000000000e+05
2.641410000000000000e+05
2.642410000000000000e+05
2.643170000000000000e+05
2.644170000000000000e+05
2.645170000000000000e+05
2.646170000000000000e+05
2.647170000000000000e+05
2.648170000000000000e+05
2.649170000000000000e+05
2.649930000000000000e+05
2.650930000000000000e+05
2.651930000000000000e+05
2.652930000000000000e+05
2.653930000000000000e+05
2.654930000000000000e+05
2.655930000000000000e+05
2.656690000000000000e+05
2.657690000000000000e+05
2.658690000000000000e+05
2.659690000000000000e+05
2.660690000000000000e+05
2.661690000000000000e+05
2.662690000000000000e+05
2.663450000000000000e+05
2.664450000000000000e+05
2.665450000000000000e+05
2.666450000000000000e+05
2.667450000000000000e+05
2.668450000000000000e+05
2.669450000000000000e+05
2.670210000000000000e+05
2.671210000000000000e+05
2.672210000000000000e+05
2.673210000000000000e+05
2.674210000000000000e+05
2.675210000000000000e+05
2.676210000000000000e+05
2.676970000000000000e+05
2.677970000000000000e+05
2.678970000000000000e+05
2.679970000000000000e+05
2.680970000000000000e+05
2.681970000000000000e+05
2.682970000000000000e+05
2.683730000000000000e+05
2.684730000000000000e+05
2.685730000000000000e+05
2.686730000000000000e+05
2.687730000000000000e+05
2.688730000000000000e+05
2.689730000000000000e+05
2.690490000000000000e+05
2.691490000000000000e+05
2.692490000000000000e+05
2.693490000000000000e+05
2.694490000000000000e+05
2.695490000000000000e+05
2.696490000000000000e+05
2.697250000000000000e+05
2.698250000000000000e+05
2.699250000000000000e+05
2.700250000000000000e+05
2.701250000000000000e+05
2.702250000000000000e+05
2.703250000000000000e+05
2.704010000000000000e+05
2.705010000000000000e+05
2.706010000000000000e+05
2.707010000000000000e+05
2.708010000000000000e+05
2.709010000000000000e+05
2.710010000000000000e+05
2.710770000000000000e+05
2.711770000000000000e+05
2.712770000000000000e+05
2.713770000000000000e+05
2.714770000000000000e+05
2.715770000000000000e+05
2.716770000000000000e+05
2.717530000000000000e+05
2.718530000000000000e+05
2.719530000000000000e+05
2.720530000000000000e+05
2.721530000000000000e+05
2.722530000000000000e+05
2.723530000000000000e+05
2.724290000000000000e+05
2.725290000000000000e+05
2.726290000000000000e+05
2.727290000000000000e+05
2.728290000000000000e+05
2.729290000000000000e+05
2.730290000000000000e+05
2.731050000000000000e+05
2.732050000000000000e+05
2.733050000000000000e+05
2.734050000000000000e+05
2.735050000000000000e+05
2.736050000000000000e+05
2.737050000000000000e+05
2.737810000000000000e+05
2.738810000000000000e+05
2.739810000000000000e+05
2.740810000000000000e+05
2.741810000000000000e+05
2.742810000000000000e+05
2.743810000000000000e+05
2.744570000000000000e+05
2.745570000000000000e+05
2.746570000000000000e+05
2.747570000000000000e+05
2.748570000000000000e+05
2.749570000000000000e+05
2.750570000000000000e+05
2.751330000000000000e+05
2.752330000000000000e+05
2.753330000000000000e+05
2.754330000000000000e+05
2.755330000000000000e+05
2.756330000000000000e+05
2.757330000000000000e+05
2.758090000000000000e+05
2.759090000000000000e+05
2.760090000000000000e+05
2.761090000000000000e+05
2.762090000000000000e+05
2.763090000000000000e+05
2.764090000000000000e+05
2.764850000000000000e+05
2.765850000000000000e+05
2.766850000000000000e+05
2.767850000000000000e+05
2.768850000000000000e+05
2.769850000000000000e+05
2.770850000000000000e+05
2.771610000000000000e+05
2.772610000000000000e+05
2.773610000000000000e+05
2.774610000000000000e+05
2.775610000000000000e+05
2.776610000000000000e+05
2.777610000000000000e+05
2.778370000000000000e+05
2.779370000000000000e+05
2.780370000000000000e+05
2.781370000000000000e+05
2.782370000000000000e+05
2.783370000000000000e+05
2.784370000000000000e+05
2.785130000000000000e+05
2.786130000000000000e+05
2.787130000000000000e+05
2.788130000000000000e+05
2.789130000000000000e+05
2.790130000000000000e+05
2.791130000000000000e+05
2.791890000000000000e+05
2.792890000000000000e+05
2.793890000000000000e+05
2.794890000000000000e+05
2.795890000000000000e+05
2.796890000000000000e+05
2.797890000000000000e+05
2.798650000000000000e+05
2.799650000000000000e+05
2.800650000000000000e+05
2.801650000000000000e+05
2.802650000000000000e+05
2.803650000000000000e+05
2.804650000000000000e+05
2.805410000000000000e+05
2.806410000000000000e+05
2.807410000000000000e+05
2.808410000000000000e+05
2.809410000000000000e+05
2.810410000000000000e+05
2.811410000000000000e+05
2.812170000000000000e+05
2.813170000000000000e+05
2.814170000000000000e+05
2.815170000000000000e+05
2.816170000000000000e+05
2.817170000000000000e+05
2.818170000000000000e+05
2.818930000000000000e+05
2.819930000000000000e+05
2.820930000000000000e+05
2.821930000000000000e+05
2.822930000000000000e+05
2.823930000000000000e+05
2.824930000000000000e+05
2.825690000000000000e+05
2.826690000000000000e+05
2.827690000000000000e+05
2.828690000000000000e+05
2.829690000000000000e+05
2.830690000000000000e+05
2.831690000000000000e+05
2.832450000000000000e+05
2.833450000000000000e+05
2.834450000000000000e+05
2.835450000000000000e+05
2.836450000000000000e+05
2.837450000000000000e+05
2.838450000000000000e+05
2.839210000000000000e+05
2.840210000000000000e+05
2.841210000000000000e+05
2.842210000000000000e+05
2.843210000000000000e+05
2.844210000000000000e+05
2.845210000000000000e+05
2.845970000000000000e+05
2.846970000000000000e+05
2.847970000000000000e+05
2.848970000000000000e+05
2.849970000000000000e+05
2.850970000000000000e+05
2.851970000000000000e+05
2.852730000000000000e+05
2.853730000000000000e+05
2.854730000000000000e+05
2.855730000000000000e+05
2.856730000000000000e+05
2.857730000000000000e+05
2.858730000000000000e+05
2.859490000000000000e+05
2.860490000000000000e+05
2.861490000000000000e+05
2.862490000000000000e+05
2.863490000000000000e+05
2.864490000000000000e+05
2.865490000000000000e+05
2.866250000000000000e+05
2.867250000000000000e+05
2.868250000000000000e+05
2.869250000000000000e+05
2.870250000000000000e+05
2.871250000000000000e+05
2.872250000000000000e+05
2.873010000000000000e+05
2.874010000000000000e+05
2.875010000000000000e+05
2.876010000000000000e+05
2.877010000000000000e+05
2.878010000000000000e+05
2.879010000000000000e+05
2.879770000000000000e+05
2.880770000000000000e+05
2.881770000000000000e+05
2.882770000000000000e+05
2.883770000000000000e+05
2.884770000000000000e+05
2.885770000000000000e+05
2.886530000000000000e+05
2.887530000000000000e+05
2.888530000000000000e+05
2.889530000000000000e+05
2.890530000000000000e+05
2.891530000000000000e+05
2.892530000000000000e+05
2.893290000000000000e+05
2.894290000000000000e+05
2.895290000000000000e+05
2.896290000000000000e+05
2.897290000000000000e+05
2.898290000000000000e+05
2.899290000000000000e+05
2.900050000000000000e+05
2.901050000000000000e+05
2.902050000000000000e+05
2.903050000000000000e+05
2.904050000000000000e+05
2.905050000000000000e+05
2.906050000000000000e+05
2.906810000000000000e+05
2.907810000000000000e+05
2.908810000000000000e+05
2.909810000000000000e+05
2.910810000000000000e+05
2.911810000000000000e+05
2.912810000000000000e+05
2.913570000000000000e+05
2.914570000000000000e+05
2.915570000000000000e+05
2.916570000000000000e+05
2.917570000000000000e+05
2.918570000000000000e+05
2.919570000000000000e+05
2.920330000000000000e+05
2.921330000000000000e+05
2.922330000000000000e+05
2.923330000000000000e+05
2.924330000000000000e+05
2.925330000000000000e+05
2.926330000000000000e+05
2.927090000000000000e+05
2.928090000000000000e+05
2.929090000000000000e+05
2.930090000000000000e+05
2.931090000000000000e+05
2.932090000000000000e+05
2.933090000000000000e+05
2.933850000000000000e+05
2.934850000000000000e+05
2.935850000000000000e+05
2.936850000000000000e+05
2.937850000000000000e+05
2.938850000000000000e+05
2.939850000000000000e+05
2.940610000000000000e+05
2.941610000000000000e+05
2.942610000000000000e+05
2.943610000000000000e+05
2.944610000000000000e+05
2.945610000000000000e+05
2.946610000000000000e+05
2.947370000000000000e+05
2.948370000000000000e+05
2.949370000000000000e+05
2.950370000000000000e+05
2.951370000000000000e+05
2.952370000000000000e+05
2.953370000000000000e+05
2.954130000000000000e+05
2.955130000000000000e+05
2.956130000000000000e+05
2.957130000000000000e+05
2.958130000000000000e+05
2.959130000000000000e+05
2.960130000000000000e+05
2.960890000000000000e+05
2.961890000000000000e+05
2.962890000000000000e+05
2.963890000000000000e+05
2.964890000000000000e+05
2.965890000000000000e+05
2.966890000000000000e+05
2.967650000000000000e+05
2.968650000000000000e+05
2.969650000000000000e+05
2.970650000000000000e+05
2.971650000000000000e+05
2.972650000000000000e+05
2.973650000000000000e+05
2.974410000000000000e+05
2.975410000000000000e+05
2.976410000000000000e+05
2.977410000000000000e+05
2.978410000000000000e+05
2.979410000000000000e+05
2.980410000000000000e+05
2.981170000000000000e+05
2.982170000000000000e+05
2.983170000000000000e+05
2.984170000000000000e+05
2.985170000000000000e+05
2.986170000000000000e+05
2.987170000000000000e+05
2.987930000000000000e+05
2.988930000000000000e+05
2.989930000000000000e+05
2.990930000000000000e+05
2.991930000000000000e+05
2.992930000000000000e+05
2.993930000000000000e+05
2.994690000000000000e+05
2.995690000000000000e+05
2.996690000000000000e+05
2.997690000000000000e+05
2.998690000000000000e+05
2.999690000000000000e+05
3.000690000000000000e+05
3.001450000000000000e+05
3.002450000000000000e+05
3.003450000000000000e+05
3.004450000000000000e+05
3.005450000000000000e+05
3.006450000000000000e+05
3.007450000000000000e+05
3.008210000000000000e+05
3.009210000000000000e+05
3.010210000000000000e+05
3.011210000000000000e+05
3.012210000000000000e+05
3.013210000000000000e+05
3.014210000000000000e+05
3.014970000000000000e+05
3.015970000000000000e+05
3.016970000000000000e+05
3.017970000000000000e+05
3.018970000000000000e+05
3.019970000000000000e+05
3.020970000000000000e+05
3.021730000000000000e+05
3.022730000000000000e+05
3.023730000000000000e+05
3.024730000000000000e+05
3.025730000000000000e+05
3.026730000000000000e+05
3.027730000000000000e+05
3.028490000000000000e+05
3.029490000000000000e+05
3.030490000000000000e+05
3.031490000000000000e+05
3.032490000000000000e+05
3.033490000000000000e+05
3.034490000000000000e+05
3.035250000000000000e+05
3.036250000000000000e+05
3.037250000000000000e+05
3.038250000000000000e+05
3.039250000000000000e+05
3.040250000000000000e+05
3.041250000000000000e+05
3.042010000000000000e+05
3.043010000000000000e+05
3.044010000000000000e+05
3.045010000000000000e+05
3.046010000000000000e+05
3.047010000000000000e+05
3.048010000000000000e+05
3.048770000000000000e+05
3.049770000000000000e+05
3.050770000000000000e+05
3.051770000000000000e+05
3.052770000000000000e+05
3.053770000000000000e+05
3.054770000000000000e+05
3.055530000000000000e+05
3.056530000000000000e+05
3.057530000000000000e+05
3.058530000000000000e+05
3.059530000000000000e+05
3.060530000000000000e+05
3.061530000000000000e+05
3.062290000000000000e+05
3.063290000000000000e+05
3.064290000000000000e+05
3.065290000000000000e+05
3.066290000000000000e+05
3.067290000000000000e+05
3.068290000000000000e+05
3.069050000000000000e+05
3.070050000000000000e+05
3.071050000000000000e+05
3.072050000000000000e+05
3.073050000000000000e+05
3.074050000000000000e+05
3.075050000000000000e+05
3.075810000000000000e+05
3.076810000000000000e+05
3.077810000000000000e+05
3.078810000000000000e+05
3.079810000000000000e+05
3.080810000000000000e+05
3.081810000000000000e+05
3.082570000000000000e+05
3.083570000000000000e+05
3.084570000000000000e+05
3.085570000000000000e+05
3.086570000000000000e+05
3.087570000000000000e+05
3.088570000000000000e+05
3.089330000000000000e+05
3.090330000000000000e+05
3.091330000000000000e+05
3.092330000000000000e+05
3.093330000000000000e+05
3.094330000000000000e+05
3.095330000000000000e+05
3.096090000000000000e+05
3.097090000000000000e+05
3.098090000000000000e+05
3.099090000000000000e+05
3.100090000000000000e+05
3.101090000000000000e+05
3.102090000000000000e+05
3.102850000000000000e+05
3.103850000000000000e+05
3.104850000000000000e+05
3.105850000000000000e+05
3.106850000000000000e+05
3.107850000000000000e+05
3.108850000000000000e+05
3.109610000000000000e+05
3.110610000000000000e+05
3.111610000000000000e+05
3.112610000000000000e+05
3.113610000000000000e+05
3.114610000000000000e+05
3.115610000000000000e+05
3.116370000000000000e+05
3.117370000000000000e+05
3.118370000000000000e+05
3.119370000000000000e+05
3.120370000000000000e+05
3.121370000000000000e+05
3.122370000000000000e+05
3.123130000000000000e+05
3.124130000000000000e+05
3.125130000000000000e+05
3.126130000000000000e+05
3.127130000000000000e+05
3.128130000000000000e+05
3.129130000000000000e+05
3.129890000000000000e+05
3.130890000000000000e+05
3.131890000000000000e+05
3.132890000000000000e+05
3.133890000000000000e+05
3.134890000000000000e+05
3.135890000000000000e+05
3.136650000000000000e+05
3.137650000000000000e+05
3.138650000000000000e+05
3.139650000000000000e+05
3.140650000000000000e+05
3.141650000000000000e+05
3.142650000000000000e+05
3.143410000000000000e+05
3.144410000000000000e+05
3.145410000000000000e+05
3.146410000000000000e+05
3.147410000000000000e+05
3.148410000000000000e+05
3.149410000000000000e+05
3.150170000000000000e+05
3.151170000000000000e+05
3.152170000000000000e+05
3.153170000000000000e+05
3.154170000000000000e+05
3.155170000000000000e+05
3.156170000000000000e+05
3.156930000000000000e+05
3.157930000000000000e+05
3.158930000000000000e+05
3.159930000000000000e+05
3.160930000000000000e+05
3.161930000000000000e+05
3.162930000000000000e+05
3.163690000000000000e+05
3.164690000000000000e+05
3.165690000000000000e+05
3.166690000000000000e+05
3.167690000000000000e+05
3.168690000000000000e+05
3.169690000000000000e+05
3.170450000000000000e+05
3.171450000000000000e+05
3.172450000000000000e+05
3.173450000000000000e+05
3.174450000000000000e+05
3.175450000000000000e+05
3.176450000000000000e+05
3.177210000000000000e+05
3.178210000000000000e+05
3.179210000000000000e+05
3.180210000000000000e+05
3.181210000000000000e+05
3.182210000000000000e+05
3.183210000000000000e+05
3.183970000000000000e+05
3.184970000000000000e+05
3.185970000000000000e+05
3.186970000000000000e+05
3.187970000000000000e+05
3.188970000000000000e+05
3.189970000000000000e+05
3.190730000000000000e+05
3.191730000000000000e+05
3.192730000000000000e+05
3.193730000000000000e+05
3.194730000000000000e+05
3.195730000000000000e+05
3.196730000000000000e+05
3.197490000000000000e+05
3.198490000000000000e+05
3.199490000000000000e+05
3.200490000000000000e+05
3.201490000000000000e+05
3.202490000000000000e+05
3.203490000000000000e+05
3.204250000000000000e+05
3.205250000000000000e+05
3.206250000000000000e+05
3.207250000000000000e+05
3.208250000000000000e+05
3.209250000000000000e+05
3.210250000000000000e+05
3.211010000000000000e+05
3.212010000000000000e+05
3.213010000000000000e+05
3.214010000000000000e+05
3.215010000000000000e+05
3.216010000000000000e+05
3.217010000000000000e+05
3.217770000000000000e+05
3.218770000000000000e+05
3.219770000000000000e+05
3.220770000000000000e+05
3.221770000000000000e+05
3.222770000000000000e+05
3.223770000000000000e+05
3.224530000000000000e+05
3.225530000000000000e+05
3.226530000000000000e+05
3.227530000000000000e+05
3.228530000000000000e+05
3.229530000000000000e+05
3.230530000000000000e+05
3.231290000000000000e+05
3.232290000000000000e+05
3.233290000000000000e+05
3.234290000000000000e+05
3.235290000000000000e+05
3.236290000000000000e+05
3.237290000000000000e+05
3.238050000000000000e+05
3.239050000000000000e+05
3.240050000000000000e+05
3.241050000000000000e+05
3.242050000000000000e+05
3.243050000000000000e+05
3.244050000000000000e+05
3.244810000000000000e+05
3.245810000000000000e+05
3.246810000000000000e+05
3.247810000000000000e+05
3.248810000000000000e+05
3.249810000000000000e+05
3.250810000000000000e+05
3.251570000000000000e+05
3.252570000000000000e+05
3.253570000000000000e+05
3.254570000000000000e+05
3.255570000000000000e+05
3.256570000000000000e+05
3.257570000000000000e+05
3.258330000000000000e+05
3.259330000000000000e+05
3.260330000000000000e+05
3.261330000000000000e+05
3.262330000000000000e+05
3.263330000000000000e+05
3.264330000000000000e+05
3.265090000000000000e+05
3.266090000000000000e+05
3.267090000000000000e+05
3.268090000000000000e+05
3.269090000000000000e+05
3.270090000000000000e+05
3.271090000000000000e+05
3.271850000000000000e+05
3.272850000000000000e+05
3.273850000000000000e+05
3.274850000000000000e+05
3.275850000000000000e+05
3.276850000000000000e+05
3.277850000000000000e+05
3.278610000000000000e+05
3.279610000000000000e+05
3.280610000000000000e+05
3.281610000000000000e+05
3.282610000000000000e+05
3.283610000000000000e+05
3.284610000000000000e+05
3.285370000000000000e+05
3.286370000000000000e+05
3.287370000000000000e+05
3.288370000000000000e+05
3.289370000000000000e+05
3.290370000000000000e+05
3.291370000000000000e+05
3.292130000000000000e+05
3.293130000000000000e+05
3.294130000000000000e+05
3.295130000000000000e+05
3.296130000000000000e+05
3.297130000000000000e+05
3.298130000000000000e+05
3.298890000000000000e+05
3.299890000000000000e+05
3.300890000000000000e+05
3.301890000000000000e+05
3.302890000000000000e+05
3.303890000000000000e+05
3.304890000000000000e+05
3.305650000000000000e+05
3.306650000000000000e+05
3.307650000000000000e+05
3.308650000000000000e+05
3.309650000000000000e+05
3.310650000000000000e+05
3.311650000000000000e+05
3.312410000000000000e+05
3.313410000000000000e+05
3.314410000000000000e+05
3.315410000000000000e+05
3.316410000000000000e+05
3.317410000000000000e+05
3.318410000000000000e+05
3.319170000000000000e+05
3.320170000000000000e+05
3.321170000000000000e+05
3.322170000000000000e+05
3.323170000000000000e+05
3.324170000000000000e+05
3.325170000000000000e+05
3.325930000000000000e+05
3.326930000000000000e+05
3.327930000000000000e+05
3.328930000000000000e+05
3.329930000000000000e+05
3.330930000000000000e+05
3.331930000000000000e+05
3.332690000000000000e+05
3.333690000000000000e+05
3.334690000000000000e+05
3.335690000000000000e+05
3.336690000000000000e+05
3.337690000000000000e+05
3.338690000000000000e+05
3.339450000000000000e+05
3.340450000000000000e+05
3.341450000000000000e+05
3.342450000000000000e+05
3.343450000000000000e+05
3.344450000000000000e+05
3.345450000000000000e+05
3.346210000000000000e+05
3.347210000000000000e+05
3.348210000000000000e+05
3.349210000000000000e+05
3.350210000000000000e+05
3.351210000000000000e+05
3.352210000000000000e+05
3.352970000000000000e+05
3.353970000000000000e+05
3.354970000000000000e+05
3.355970000000000000e+05
3.356970000000000000e+05
3.357970000000000000e+05
3.358970000000000000e+05
3.359730000000000000e+05
3.360730000000000000e+05
3.361730000000000000e+05
3.362730000000000000e+05
3.363730000000000000e+05
3.364730000000000000e+05
3.365730000000000000e+05
3.366490000000000000e+05
3.367490000000000000e+05
3.368490000000000000e+05
3.369490000000000000e+05
3.370490000000000000e+05
3.371490000000000000e+05
3.372490000000000000e+05
3.373250000000000000e+05
3.374250000000000000e+05
3.375250000000000000e+05
3.376250000000000000e+05
3.377250000000000000e+05
3.378250000000000000e+05
3.379250000000000000e+05
