7.252147674560546875e+00
7.059151486404217302e+00
7.001581038396573753e+00
6.979139332710783350e+00
6.945828165181887393e+00
6.970823326035006318e+00
6.911292245192417028e+00
6.974351406097412109e+00
6.991217580282970800e+00
6.932864116233957930e+00
6.946833284214565474e+00
6.953910637396422345e+00
6.945195821276039183e+00
6.923440941336507670e+00
7.071872234344482422e+00
6.920860791781650256e+00
6.926656387621505928e+00
7.022793171884940122e+00
6.939419291159548031e+00
6.928131502533384278e+00
6.854252963086639561e+00
6.856975555419921875e+00
6.814948129677825150e+00
6.834981185494695133e+00
6.858520940939785149e+00
6.827565232308635323e+00
6.827676189843678856e+00
6.842144716000650106e+00
6.796346664428710938e+00
6.869325637622639036e+00
6.788609364204027052e+00
6.813121800280313778e+00
6.801010323936892199e+00
6.794660819180807998e+00
6.784406106433884531e+00
6.719199180603027344e+00
6.783936730894639666e+00
6.791230085966791563e+00
6.783881312884912695e+00
6.760587273182216528e+00
6.746990986707015026e+00
6.723840426867745634e+00
6.606822967529296875e+00
6.715843713948348892e+00
6.724177152253194123e+00
6.733297965220938153e+00
6.726261887326993261e+00
6.693111770150629525e+00
6.713428337767396670e+00
6.753654956817626953e+00
6.677600040806736637e+00
6.691056461578266834e+00
6.652818473932654797e+00
6.705240221519368937e+00
6.536953122987326559e+00
6.615833220876878862e+00
6.495165348052978516e+00
6.578539405885655000e+00
6.578991682937894936e+00
6.559845771769776235e+00
6.608906092150490963e+00
6.595605140718566517e+00
6.543979625008287115e+00
6.585273742675781250e+00
6.472215574529707638e+00
6.508724509160729532e+00
6.473332814179785899e+00
6.385394051099145152e+00
6.367057282221916914e+00
6.272298685019297437e+00
6.243646621704101562e+00
6.384622498606471019e+00
6.320974361267844621e+00
6.344761044765383495e+00
6.359986411583868460e+00
6.366808892482625382e+00
6.302788490935813392e+00
6.109240055084228516e+00
6.310432945219017320e+00
6.213200066288509404e+00
6.113784280806127569e+00
6.144323368007290398e+00
6.137582954139934266e+00
6.128378392932942731e+00
6.302536964416503906e+00
5.978796442050127169e+00
6.073601416359420746e+00
6.086200461762075520e+00
6.028988403182322209e+00
5.949175174579528047e+00
5.967508994534362010e+00
5.811738491058349609e+00
5.851141732024227160e+00
5.960497097889025042e+00
5.910168762641392348e+00
5.795223555281374672e+00
5.722662107788202945e+00
5.683578480126306509e+00
5.587429523468017578e+00
5.686591728566003923e+00
6.093700349899771496e+00
5.602211362876285072e+00
5.796289985274592382e+00
5.563937252199494310e+00
5.622085570369755203e+00
5.679075241088867188e+00
5.565153641767541792e+00
5.541947138896455627e+00
5.459488536709265816e+00
5.364345278268471517e+00
5.520822751431309072e+00
5.411135200728124595e+00
5.398082256317138672e+00
5.360308429457963264e+00
5.300537333493394954e+00
5.485786687654588434e+00
5.158937328921277654e+00
5.367875832723777663e+00
5.294132575548764486e+00
5.380789279937744141e+00
5.133396857549263004e+00
5.110980156819989517e+00
5.131965154210989866e+00
5.268696235629946045e+00
5.151973487597208745e+00
5.017920527436425360e+00
5.457236289978027344e+00
5.079120987704860646e+00
4.965856948299346207e+00
5.029755994936707886e+00
4.980565482478249706e+00
5.071309832747783020e+00
5.011478017874484436e+00
5.287650585174560547e+00
4.950743996899321431e+00
4.940480621408207540e+00
4.899110957949505796e+00
4.803355627679503748e+00
4.862686175974936909e+00
4.780493354898832870e+00
4.546867370605468750e+00
4.834327454939141511e+00
4.603812563272086322e+00
4.644224229741240606e+00
4.754284826886369331e+00
4.681693955655186201e+00
4.693649842833191421e+00
4.777758121490478516e+00
4.619510408451324324e+00
4.892302116375653043e+00
4.799285037946708243e+00
4.832398337029292890e+00
4.531318538685638941e+00
4.517388328761732907e+00
4.612461566925048828e+00
4.398062359123366960e+00
4.801839006713849223e+00
4.813778473047658935e+00
4.534114273771937320e+00
4.653659785065564769e+00
4.470652738739661736e+00
4.195725440979003906e+00
4.344677828732772973e+00
4.402444075711464677e+00
4.286621072020547096e+00
4.507665577990195516e+00
4.392670194337291001e+00
4.293854588617405099e+00
4.288960933685302734e+00
4.270467727682238035e+00
4.412109868102707999e+00
4.231755294827078906e+00
4.355853827195904415e+00
4.378156797140193568e+00
4.427238440458276969e+00
3.935051441192626953e+00
3.918699166012634016e+00
4.376289929927264843e+00
4.322477383768417170e+00
4.031617100677704180e+00
4.191026273449875106e+00
4.097658310098277745e+00
4.094293594360351562e+00
4.247961385706297222e+00
4.148616385464765521e+00
4.019564029464127941e+00
3.959058378182678251e+00
4.207808361625899884e+00
4.098310053271884357e+00
3.792845010757446289e+00
3.939240918547133763e+00
4.137819470267764643e+00
3.678944812714988188e+00
3.957156121784101810e+00
3.894561713196629249e+00
4.168550038795830304e+00
4.223546504974365234e+00
3.926686621351868745e+00
3.656415371685184823e+00
3.991972495277281929e+00
4.066690560711506919e+00
3.885209167188744317e+00
3.911048883319262703e+00
3.907685279846191406e+00
4.022537731172915798e+00
3.677961685145868298e+00
3.757466223239794623e+00
3.838355445384887599e+00
5.076947814855837571e+00
4.328302334163794285e+00
3.919232368469238281e+00
3.851910531378564428e+00
3.662592609057990778e+00
3.719191050238118912e+00
3.867992869588592786e+00
3.501757737961532335e+00
3.537175335923947728e+00
3.344659328460693359e+00
3.499562718293629082e+00
3.569463627906559910e+00
3.508144461684527649e+00
3.762341373857595705e+00
3.858758542281501391e+00
3.799286504100683803e+00
2.813656568527221680e+00
3.630197592456111622e+00
3.576454580699272690e+00
3.542340917311231241e+00
3.344053972396265451e+00
3.533585831311126135e+00
3.546870773133546706e+00
3.172807216644287109e+00
3.300343129428545907e+00
3.566724555934872587e+00
3.515375592297673268e+00
3.789372416782574859e+00
3.471266675998118334e+00
3.735649701882783447e+00
4.020921707153320312e+00
3.357282228374053989e+00
3.323471808910178016e+00
3.255059175101841173e+00
3.425326586181956401e+00
3.288421682850571681e+00
3.243825855374864009e+00
3.272365093231201172e+00
3.446717382783850869e+00
3.611718084981666799e+00
3.410704076518099370e+00
3.241587913458837011e+00
9.272556160268530689e+00
6.169979079708259206e+00
5.358134746551513672e+00
5.094857649919730669e+00
4.691781433570163529e+00
4.296924110436612487e+00
4.383995632714730029e+00
4.068152639570174145e+00
3.936733915604905931e+00
3.426928281784057617e+00
3.756123557874694097e+00
3.589302418646838522e+00
3.543526263565459633e+00
3.651725950817349187e+00
3.489010820395069601e+00
3.448467842991374877e+00
3.352416753768920898e+00
3.289276670579932116e+00
3.375267346835327142e+00
3.231778015619189315e+00
3.338138923175333783e+00
3.343260562869332375e+00
3.157098948356752199e+00
3.418399572372436523e+00
3.161822952898547534e+00
3.182073299326553251e+00
3.127420364296479960e+00
3.130532651642916608e+00
3.124685011464102491e+00
3.039170240171157111e+00
2.481453418731689453e+00
3.158961351243063209e+00
3.101315055621122863e+00
3.218715356830955443e+00
3.247549308987993655e+00
3.221592474806635131e+00
3.259702320558831801e+00
3.209654808044433594e+00
2.897541884363576514e+00
3.107594105962000253e+00
3.315892620326496232e+00
2.979970368480686638e+00
3.035756881440879962e+00
2.918363731221035096e+00
3.166947603225708008e+00
2.892666041061267457e+00
2.924117228442517646e+00
2.797996100195729863e+00
3.114864098915081758e+00
3.236466729235811801e+00
3.223868133705755312e+00
3.330996036529541016e+00
2.741756250264326233e+00
2.888156887475250567e+00
3.286823467085740802e+00
2.865783836707166632e+00
2.898470165336276327e+00
3.081750127202606215e+00
2.979650974273681641e+00
3.203413647570763523e+00
2.991261259693728913e+00
3.143658996611727208e+00
2.886108099248306136e+00
2.889423266238995147e+00
2.940319708633361451e+00
2.933016061782836914e+00
2.667760687562973132e+00
2.671230676691473072e+00
2.999123115284833663e+00
2.884255784251270160e+00
3.697661623890940774e+00
2.982481568231815316e+00
3.202991247177124023e+00
2.876706075199221502e+00
2.763304387380230320e+00
2.593999109803071246e+00
2.754899374553324787e+00
2.652393223045483861e+00
2.673623072384542887e+00
2.771014928817749023e+00
2.944771893502377225e+00
2.818642993819126197e+00
2.979905403816458076e+00
2.938783447505568525e+00
2.861986318133854290e+00
2.664263631466746496e+00
2.226763248443603516e+00
2.473549710742771524e+00
2.701957500625421282e+00
2.932423749832423265e+00
2.714898463628870662e+00
2.813417035555154655e+00
2.734448980334024615e+00
2.892842054367065430e+00
2.400268761264924500e+00
2.611865410795752851e+00
2.654513492137491326e+00
2.623377394131282347e+00
2.702428451087446781e+00
3.053835535264553425e+00
3.860916614532470703e+00
3.169201851801680014e+00
2.573933165659100908e+00
2.698902076348327572e+00
2.477368912902112363e+00
2.395600098818790435e+00
2.472215168985982814e+00
2.530293941497802734e+00
2.494446215897921704e+00
2.487325211174479023e+00
2.612890649115734654e+00
2.614977742520346649e+00
2.653558859668748049e+00
2.444767677867803357e+00
2.370411157608032227e+00
2.625609091112562687e+00
2.775896283029593015e+00
2.561681278305347753e+00
2.512107765239309565e+00
2.563645394158457602e+00
2.548271945904976299e+00
2.162830829620361328e+00
2.366569320957433220e+00
2.759131002408709676e+00
2.546688275082949815e+00
3.255543828413061114e+00
2.647970191461532785e+00
2.598712703188403861e+00
2.763619661331176758e+00
2.193391905142354048e+00
4.944640580114427308e+00
2.998206788206462914e+00
2.733755290005415617e+00
2.377938496742299179e+00
2.383437809376202754e+00
1.859256505966186523e+00
2.514564780772627905e+00
2.347454159727284662e+00
2.438668679055321142e+00
2.318609080027838942e+00
2.148900248267541890e+00
2.311879919136592854e+00
2.216927528381347656e+00
2.479610725069127497e+00
2.515088853086944631e+00
2.397060970556080584e+00
2.764269678028661303e+00
2.307149076124710874e+00
2.838864527056514042e+00
2.652858495712280273e+00
2.500758879908335786e+00
2.185909099015459489e+00
2.250846614021671854e+00
2.361737937679146970e+00
2.319428816769954604e+00
2.787072852854817651e+00
2.615216255187988281e+00
3.005351793028901319e+00
2.580823421946877971e+00
2.183646122806166101e+00
2.171826193816186912e+00
3.168015154489667751e+00
2.320244255627770258e+00
2.021240472793579102e+00
2.024061247762451110e+00
2.050515909380890900e+00
2.227549907563365128e+00
2.886805869612988129e+00
2.556736090325583355e+00
2.237860936410963397e+00
2.208634614944458008e+00
2.293927539141849437e+00
2.089612987969520663e+00
3.935960477869296703e+00
2.699815485363297629e+00
2.413547458958849479e+00
2.241181819554323162e+00
2.285380601882934570e+00
2.121746140243750300e+00
2.047165611634479632e+00
2.159703485832266789e+00
2.114038524651254747e+00
2.079769609412046805e+00
1.921539946298612911e+00
2.438229799270629883e+00
2.517676139532669666e+00
2.991605746707435731e+00
3.239439825614277790e+00
2.399921865273837440e+00
2.287975367011161332e+00
2.134434788880500200e+00
2.237740516662597656e+00
2.049010367330662774e+00
2.027314996494276045e+00
2.057071546677815554e+00
2.094744563726274489e+00
1.971445442892449496e+00
2.280777829103417531e+00
2.624664783477783203e+00
2.136834079297195821e+00
2.539474768709507835e+00
2.376567564165632529e+00
2.144365671657013195e+00
2.139100550570725900e+00
2.093233138078129940e+00
2.088705539703369141e+00
2.480802536543768255e+00
2.267408621833462590e+00
2.322594667393629742e+00
2.192125023419072338e+00
1.959691583828794936e+00
2.360076155453863844e+00
1.557366132736206055e+00
2.161385860554340788e+00
2.046090095606451165e+00
2.356002427133154775e+00
2.248972190125790416e+00
2.319970883767095593e+00
2.174868408566449141e+00
2.005722522735595703e+00
2.320760500196509923e+00
3.369228397034024880e+00
2.491295946526516314e+00
2.139505211198475365e+00
1.956173108154488860e+00
1.932670508023389466e+00
2.982093334197998047e+00
1.866909772514541155e+00
1.957932922168428291e+00
1.910324150100184859e+00
1.783876492679033809e+00
1.881218958622348891e+00
2.066229203472932596e+00
1.834260821342468262e+00
1.921354761567886538e+00
2.242528218615669200e+00
3.000015049610320172e+00
2.836009096198590207e+00
2.901049602008295647e+00
2.257678669478929034e+00
1.947689652442932129e+00
1.922031501376330720e+00
1.923446626583976027e+00
1.984526217550310445e+00
2.846521239178437135e+00
3.856600002626340729e+00
2.377903498452054176e+00
2.419368267059326172e+00
1.966343842163785993e+00
2.062308942596710715e+00
1.857181239850665300e+00
1.927712912478323215e+00
1.837771244378429980e+00
1.682021183622909977e+00
1.395350933074951172e+00
1.859323641480643552e+00
1.878590327516199254e+00
1.877562365822667889e+00
1.901852217333928730e+00
1.993995473990472389e+00
1.990558210005410888e+00
2.208996295928955078e+00
2.078068213367716410e+00
2.020005284217469832e+00
2.346428611897472205e+00
2.069362229306535461e+00
2.917174032087288538e+00
2.923399404262179146e+00
2.715991258621215820e+00
2.128821465496621990e+00
1.915074697133604786e+00
1.765847469775323031e+00
1.778404838685872402e+00
1.912270370482409998e+00
1.673995940461239673e+00
1.955774188041687012e+00
1.962147105905503341e+00
1.771578369545068643e+00
1.771426243451536209e+00
1.920378373535852390e+00
2.081827670582946599e+00
3.920084953408433659e+00
2.540988683700561523e+00
2.767380179581778954e+00
2.264663913932511541e+00
1.776968465466870928e+00
1.785548826901219854e+00
1.893931655051820595e+00
1.745493310190652902e+00
1.714741826057434082e+00
1.833924841918134874e+00
1.845522011852029243e+00
1.829512350372182183e+00
1.985887991874961900e+00
2.712782561420064464e+00
2.347201466519384105e+00
2.472780227661132812e+00
2.039591966157931147e+00
1.914684268441227744e+00
2.002646113010635887e+00
1.700113019637017775e+00
1.577441312863762768e+00
1.785099669785720877e+00
1.801789283752441406e+00
1.767247027624840872e+00
2.511202077470967353e+00
2.330875905446815111e+00
2.641507541184021868e+00
2.150167839484797838e+00
1.896517345341059757e+00
1.919389009475708008e+00
1.813652140069735852e+00
1.819669639526009686e+00
2.064108283103896824e+00
2.148706691232323163e+00
2.475650765642140705e+00
1.841976658273590362e+00
1.797164678573608398e+00
1.756733917760874508e+00
1.800172121474730824e+00
1.717627454048886504e+00
2.048354662894639411e+00
1.784876729914829818e+00
1.931496066759440966e+00
2.041653633117675781e+00
2.143476231508320673e+00
2.091230123840386756e+00
2.120938341296290108e+00
1.915505284752928139e+00
3.214591629397011818e+00
3.458856890791743410e+00
2.097299337387084961e+00
1.718251925982491324e+00
1.839602547366821383e+00
1.769017850494141841e+00
1.740070963033405249e+00
1.980407636860807674e+00
1.728791129594455356e+00
2.034290790557861328e+00
1.639980687103930634e+00
1.575588981550143597e+00
1.725180578736113191e+00
1.852586480085353315e+00
1.796510547777093070e+00
1.900474919434156806e+00
1.368061661720275879e+00
1.609001294072763599e+00
1.699983231080058443e+00
1.992858694321658408e+00
1.944819626728240713e+00
2.393921110166100430e+00
3.426422287609902639e+00
2.874645709991455078e+00
1.840602350814147803e+00
1.747455236087464669e+00
1.629956896418241818e+00
1.621466479745472089e+00
1.566108839292139621e+00
1.674775368703609990e+00
1.851353168487548828e+00
1.478131792533748712e+00
1.612722331847349144e+00
1.566985388248052891e+00
2.747524052063630151e+00
2.003001663044890357e+00
2.297554418574412338e+00
1.548813700675964355e+00
1.821657840451363253e+00
1.670164594981997874e+00
1.517134959050359999e+00
1.552332881485270821e+00
1.792593933885120450e+00
2.370644044929241634e+00
1.621001482009887695e+00
2.041311881961653807e+00
1.882615079895239685e+00
1.628751603487466282e+00
1.462874895231109695e+00
1.489548058247913476e+00
1.520956233805830893e+00
1.381870031356811523e+00
1.531604340943934606e+00
1.617315392012441011e+00
2.709413990932199479e+00
2.474635573200010707e+00
2.592542239007044280e+00
1.828960505954659421e+00
1.647278547286987305e+00
1.506874244384928119e+00
1.611139539531701637e+00
1.892081464387636025e+00
1.946585192048299051e+00
1.800474070253365921e+00
1.586438125632976481e+00
1.789883255958557129e+00
1.534657818550020592e+00
1.521241709909336493e+00
1.522894747499126566e+00
1.465792623653225046e+00
1.530113243162076531e+00
2.065768312108295035e+00
2.331895112991333008e+00
3.642347084665823242e+00
5.970187414689705818e+00
2.429757630078511976e+00
2.026193729591396764e+00
1.708693563716435992e+00
1.512829983158376246e+00
1.480013370513916016e+00
1.588583682494513649e+00
1.436827199637952912e+00
1.568728090547779619e+00
1.484473101835686260e+00
1.403998523624002015e+00
1.604682920336339746e+00
1.554812431335449219e+00
1.696037661032484323e+00
1.645417220059266494e+00
1.679771666289155085e+00
1.623837084080683724e+00
1.397750746817268297e+00
1.613357914939574256e+00
1.951656103134155273e+00
1.511044261884259443e+00
1.545749002565602881e+00
2.153506349155744903e+00
2.267103452551377352e+00
1.999157935761430860e+00
1.723928598803072587e+00
1.625506639480590820e+00
1.648716464436517093e+00
1.355175349876322599e+00
1.439577130435397923e+00
1.431224104252487139e+00
1.649960174278226388e+00
1.592029977289667553e+00
1.753653526306152344e+00
4.246893244163543635e+00
2.904278393349990051e+00
1.738242909613102238e+00
1.782410752313015934e+00
1.351055029942483499e+00
1.490797628699735977e+00
1.521788239479064941e+00
1.361626397287055479e+00
1.441237676387586486e+00
1.597794242458543845e+00
1.397522372339098595e+00
1.422756835449138890e+00
1.500487932267373647e+00
1.152629137039184570e+00
2.787915160254968328e+00
2.163641594839838422e+00
1.635884654737653765e+00
1.955004783736836282e+00
1.524383980426692764e+00
1.660774563522897207e+00
1.432958841323852539e+00
1.840480534233838616e+00
1.552213919464180636e+00
1.405108072531307872e+00
1.685708821146432390e+00
1.485641335184306300e+00
1.494122026077743914e+00
1.675295352935791016e+00
1.655664640620646999e+00
2.040128437584058485e+00
3.546740151442260292e+00
2.320278948040022993e+00
1.629281660862769154e+00
1.428033394633783093e+00
8.571216464042663574e-01
1.270687693824754660e+00
1.371215797487276067e+00
1.449376037891025204e+00
1.273384729431492390e+00
1.420129778645943919e+00
1.668305858469429470e+00
1.372748613357543945e+00
4.588255492675553882e+00
4.456525100965471609e+00
2.181216864055999238e+00
1.750832116291952012e+00
1.401292226221194426e+00
1.414983675175699229e+00
1.525541663169860840e+00
1.326680135173212927e+00
1.376692099454703166e+00
1.283169977298646902e+00
1.371126235391386450e+00
1.410847696673834806e+00
1.391522524409316341e+00
7.977858781814575195e-01
1.442630438172173957e+00
1.946040893788786974e+00
4.439271190164786773e+00
2.605915774574457888e+00
1.836235500388041064e+00
1.373389841133794143e+00
1.278080701828002930e+00
1.304203029396447278e+00
1.301910979395354939e+00
1.407027012614304740e+00
1.215987756821298227e+00
1.455061589450579396e+00
1.449653069256275906e+00
1.407089471817016602e+00
1.451832841383270178e+00
1.650188092852003185e+00
1.869130244329652024e+00
4.393154029543336669e+00
2.262795954573246782e+00
1.738849278643344043e+00
1.558766603469848633e+00
1.366583338234936162e+00
1.259099014707317776e+00
1.251750680187412090e+00
1.262115019945514449e+00
1.269885913542756706e+00
1.349424267069043726e+00
1.147057652473449707e+00
1.521987788403292630e+00
1.753606339301421180e+00
1.794919987165054964e+00
4.211451983258020171e+00
2.408668709076279502e+00
1.942937649660746668e+00
1.139990329742431641e+00
1.408451598909079783e+00
1.407197474099378010e+00
1.396088596254885461e+00
1.303356994265812974e+00
1.264018292823348766e+00
1.274336010550844112e+00
8.778472542762756348e-01
1.269440162196547650e+00
1.953074042849821890e+00
1.801194724175422035e+00
1.356503351692760262e+00
1.502774087125644309e+00
1.357834777982430685e+00
9.887949228286743164e-01
1.486289208994121092e+00
1.373938882778930282e+00
1.283441703631674757e+00
1.418175296316606548e+00
1.483791390999839255e+00
3.740080598299878822e+00
3.204748630523681641e+00
2.729625808475976800e+00
1.693005261351666846e+00
1.385853661805327208e+00
1.276142524150233992e+00
1.172800896547647298e+00
1.157727994127152771e+00
1.067708253860473633e+00
1.246616063723271051e+00
1.256121701519122169e+00
1.446574373445586925e+00
1.421155053622446207e+00
1.258289608714133090e+00
1.914213000481288507e+00
2.055061101913452148e+00
2.323414669936481936e+00
2.014520841126020478e+00
1.541740074529474702e+00
1.596115311206192766e+00
1.331187223327755964e+00
1.213178158951823127e+00
1.519140124320983887e+00
1.162278468848241264e+00
1.287889224172562797e+00
1.641532709180032690e+00
1.640684711441359189e+00
1.543071156854901371e+00
1.476429493768378620e+00
2.102245807647705078e+00
1.570206384018119072e+00
2.305273445201263982e+00
2.042458964114716835e+00
2.456567378872787089e+00
2.384774054001918664e+00
3.074409112524794985e+00
2.331007480621337891e+00
1.447441629941794705e+00
2.712566511613299092e+00
1.370654799468048024e+00
1.437104460086127578e+00
1.228020231693741859e+00
1.154973822011957418e+00
9.345510601997375488e-01
1.089361314418812343e+00
1.145948034681713246e+00
1.211409093133508641e+00
1.159221961207708818e+00
1.381705106435461516e+00
2.001072049956190924e+00
1.961980938911437988e+00
1.551607140494813741e+00
1.477822032193947033e+00
1.822226704780132600e+00
1.540975684329157325e+00
1.430342789294198003e+00
1.348297527838496102e+00
1.151857733726501465e+00
1.198851097440696067e+00
1.148821587965346946e+00
1.115028499377030524e+00
2.664575350566921408e+00
4.473458226745372635e+00
1.898301216735561514e+00
1.448565006256103516e+00
1.343656331828901207e+00
1.277681572015261446e+00
1.178350060158835255e+00
1.054414352919524900e+00
1.083461051827912414e+00
1.182456954875215960e+00
1.109474182128906250e+00
1.210135906570954933e+00
1.127530144108968235e+00
1.205940415433873536e+00
1.417811589520854731e+00
1.611269335504076139e+00
2.326871899206014671e+00
2.766095161437988281e+00
2.626993151720630415e+00
1.776014220215565764e+00
1.390575715309132043e+00
1.700060350830840727e+00
1.223303454470330731e+00
1.243226350919916623e+00
1.285941362380981445e+00
1.215819988559719622e+00
1.016291517822671686e+00
1.026032240473252699e+00
1.050855903690122828e+00
1.104099557292757439e+00
1.239953491111572603e+00
1.504617094993591309e+00
1.022316417091110452e+01
3.798357525430664960e+00
2.346650454833104860e+00
1.568849598462321193e+00
1.306251279091262374e+00
1.296655735267485010e+00
9.846093058586120605e-01
1.190219582160013667e+00
1.104540274839211689e+00
9.818368794641844088e-01
1.091799078538545631e+00
1.074375364065750516e+00
1.051634171737973134e+00
1.328136086463928223e+00
1.136558658559621460e+00
1.045604926326424433e+00
9.595059668668970421e-01
1.323617330518417790e+00
4.475822035781955144e+00
2.928576705793562329e+00
1.395227909088134766e+00
1.607919269246181448e+00
1.237667253268019740e+00
1.088722637490715295e+00
1.097730544227054628e+00
1.158940836093193427e+00
1.062715686520857350e+00
1.257272243499755859e+00
1.099453028185479742e+00
1.091447928530020706e+00
1.037377569492352380e+00
1.276283321008129690e+00
2.026291661244559172e+00
3.056265581636140816e+00
2.091954231262207031e+00
1.658172483610647729e+00
1.170403821645442877e+00
1.278171109235355374e+00
1.125789053640052328e+00
1.099552471522670771e+00
1.016175578538443425e+00
1.014641523361206055e+00
9.532999076773667202e-01
1.077833766122734405e+00
1.163947341981848682e+00
1.026013413714927047e+00
1.533399312115215629e+00
2.074157635964251956e+00
1.707309365272521973e+00
3.584416656198816220e+00
1.804280570855476995e+00
1.417182732473291740e+00
1.134468694880915951e+00
1.095447166829819130e+00
1.162915484592594639e+00
8.841162323951721191e-01
1.087831767598776977e+00
1.144726091051669004e+00
1.054558584560670642e+00
1.048060603263655022e+00
1.101461050141981923e+00
1.464867278814225404e+00
1.005633711814880371e+00
1.420335410467082227e+00
5.766003982813687756e+00
3.091650667784747064e+00
1.786561927496603586e+00
1.381589502548992598e+00
1.241269635903454072e+00
1.372883439064025879e+00
1.112994696429085550e+00
1.022383847369458643e+00
9.807084701485103695e-01
9.776288633255495464e-01
1.058793184617293548e+00
1.104482017090656853e+00
1.025939583778381348e+00
1.129702987906652467e+00
1.736681952379864002e+00
2.444005981795422944e+00
2.799546255698760699e+00
2.395948642665307382e+00
1.289558787659825345e+00
8.174440860748291016e-01
1.081907593473159679e+00
1.140313213427812000e+00
1.179252635638529112e+00
1.027621224869598171e+00
1.037275425882323798e+00
1.014788104492052812e+00
1.219725251197814941e+00
1.111298618437838170e+00
1.067667107654426850e+00
1.688421491295910792e+00
3.306331720225358151e+00
3.095128886102824328e+00
1.787910642767249092e+00
1.331951975822448730e+00
1.115620911833963280e+00
1.009914793200045402e+00
1.181861347951367547e+00
1.012800312209231501e+00
8.914790894898767526e-01
9.655550407011667113e-01
8.956579566001892090e-01
9.900735252693850796e-01
9.598877269966246129e-01
1.197527056980320248e+00
1.717695468790828350e+00
2.986912255864121679e+00
2.723218230918176275e+00
1.088622570037841797e+00
1.333351910649624106e+00
1.206053885612502929e+00
1.077522706459467017e+00
9.847134424616543757e-01
1.103373930290628691e+00
1.066956470722547401e+00
9.238367676734924316e-01
8.238569925969494445e-01
1.028435659451949702e+00
1.146945948469601850e+00
1.362756022445114512e+00
2.710292341460796894e+00
2.763790250124854353e+00
1.856405496597290039e+00
1.336592386104547003e+00
1.089659532143153697e+00
1.116858656572895514e+00
9.495281711741643260e-01
1.015795422428409367e+00
9.085120712434902046e-01
1.226701259613037109e+00
8.953504550385175120e-01
9.868057757074424341e-01
9.315768494646496922e-01
1.638334030141709752e+00
1.741395407434815246e+00
3.653288013243136234e+00
2.807741641998291016e+00
2.770265148635862040e+00
1.327707934871075413e+00
1.075190040004944558e+00
1.019016929305467611e+00
9.301907219051662734e-01
9.644965168939375610e-01
1.038504242897033691e+00
1.040774967372146698e+00
8.796185452093612245e-01
9.175913443461719554e-01
1.141067965982204502e+00
1.405462017299865751e+00
2.408661881097209800e+00
8.482409477233886719e+00
3.267954352757714620e+00
1.837440599234325234e+00
1.340723225659319340e+00
1.129125867160475805e+00
1.118593366452626192e+00
9.974348316336625331e-01
9.105384945869445801e-01
9.302455817360448798e-01
8.815923255042158457e-01
1.030185168527981032e+00
9.110460361830995391e-01
8.961777711543181812e-01
8.177607015166202808e-01
9.382864236831665039e-01
1.009157663519089976e+00
1.419824230040789725e+00
1.791435264586618281e+00
1.999727939448723735e+00
2.069909001965792417e+00
1.649161505026388141e+00
1.889071106910705566e+00
1.367750842273109280e+00
1.075107864285750781e+00
8.791201287860718194e-01
9.477597887387072539e-01
1.010414676495687392e+00
8.566712839135831592e-01
7.522164583206176758e-01
8.812383906366052511e-01
9.262241102108582647e-01
1.065838169716540218e+00
2.313249165389849260e+00
3.100069832402720493e+00
2.454557688499940937e+00
1.635259747505187988e+00
1.193255591560764772e+00
1.120953071980215210e+00
1.046775496252338788e+00
1.008988393244869775e+00
9.140050779267590020e-01
9.009359652997039891e-01
8.630180954933166504e-01
9.893170616114919103e-01
9.604862209620121938e-01
1.066556870810696944e+00
2.122118628625585757e+00
3.155478335160455838e+00
1.854437260620288352e+00
1.300909161567687988e+00
1.241859878009246465e+00
1.158237338799822602e+00
1.107208552459891804e+00
8.742006001240729685e-01
9.871181429383197869e-01
9.106470422185298785e-01
8.415974974632263184e-01
1.293026557065690252e+00
1.201746888082015907e+00
1.059482904927524061e+00
9.652969579753140072e-01
9.366137046107561037e-01
9.075074341104605313e-01
1.185345053672790527e+00
8.859156795423503983e-01
2.338978750814203256e+00
3.365635638831879550e+00
2.926557561463195789e+00
1.851442235399131109e+00
1.071931667668372778e+00
9.993575811386108398e-01
9.114523996758427948e-01
8.922924860024207261e-01
9.197439481688783891e-01
8.794535295319647616e-01
9.102520205983749557e-01
9.444938916710988730e-01
1.039112210273742676e+00
1.057125409956640061e+00
8.602381507757146384e-01
9.044724415201601531e-01
9.510171900286236157e-01
1.137676977297917169e+00
1.502715815456119097e+00
1.845504760742187500e+00
3.517767153258589907e+00
1.765434529208440129e+00
1.145737137077893708e+00
9.407370093779534592e-01
9.222473278298095600e-01
8.348723999181589805e-01
8.668013215065002441e-01
1.051722053430796500e+00
1.007105182457063819e+00
1.166034799376508335e+00
1.145511123337749071e+00
1.579175878506790198e+00
1.458312852360283518e+00
7.979722619056701660e-01
1.160002860266520219e+00
2.630980308673594337e+00
2.352209899403753468e+00
2.688969541285859410e+00
1.487907638625926898e+00
1.040233582301617332e+00
7.468508481979370117e-01
9.574513399394095625e-01
8.188230915161807122e-01
8.435745367909612824e-01
8.835271064361025495e-01
8.327259543462288693e-01
7.840576905216939396e-01
8.930620551109313965e-01
8.772534362452228951e-01
9.109875284381367955e-01
1.003822985396209067e+00
2.609214796499322198e+00
1.745226902854913664e+00
1.299887493765292890e+00
7.935904860496520996e-01
1.080106579419385149e+00
9.357559471141063678e-01
1.158559168557578234e+00
1.012888042385766685e+00
1.340425350095043378e+00
1.425356620331186708e+00
1.820121407508850098e+00
1.304207340826864181e+00
1.025781635710671713e+00
9.392216615338772057e-01
8.019505045439593305e-01
9.955316476299218564e-01
1.254072106168444112e+00
4.986252307891845703e+00
3.531870712223977193e+00
2.297828187470796202e+00
1.172022870934615879e+00
8.622065335632196348e-01
9.728162583013524323e-01
9.269882626777621315e-01
6.054054498672485352e-01
7.842800028179904848e-01
7.235348196235431573e-01
8.264458614071868992e-01
8.684824576216105818e-01
1.217088168001222659e+00
1.203768011541956673e+00
1.169174075126647949e+00
1.874797593351767322e+00
1.192839033010787642e+00
1.095038620822457842e+00
9.841696217886695131e-01
9.053472023894957310e-01
8.702237680012758769e-01
8.557831645011901855e-01
8.371954521714167763e-01
7.761357920217497597e-01
8.851137875582087977e-01
9.177635388619054257e-01
1.123954053639076633e+00
3.634956788036812547e+00
7.398950576782226562e+00
3.129109736836330313e+00
1.807877859522674324e+00
1.205455095274378330e+00
9.405409188103155405e-01
8.694414267729129175e-01
9.137786147514129764e-01
8.487153053283691406e-01
8.578623995521087453e-01
7.769462325487415111e-01
7.605646350198362882e-01
8.485984268415489584e-01
7.535123969758541485e-01
7.078467238468155731e-01
7.777532935142517090e-01
9.189096706594244157e-01
1.149489122375475292e+00
1.854679972780085340e+00
1.334364630511188921e+00
1.232745571030482878e+00
8.736116812507873641e-01
1.117331504821777344e+00
9.067994824592355840e-01
1.138619311330079098e+00
1.470748364507888484e+00
2.450864934785151217e+00
1.689511409034948786e+00
1.288019114472628290e+00
1.220163822174072266e+00
9.083718236022364501e-01
8.658755056214459955e-01
8.223918446896708589e-01
7.255308505139193009e-01
6.018278387796415885e+00
2.785506809941198370e+00
3.083670854568481445e+00
1.122454897228883253e+00
1.049115192124003171e+00
7.894390572537217654e-01
7.490558827396475161e-01
9.236210572777709960e-01
7.700639409235934263e-01
1.307689189910888672e+00
9.841024594454799157e-01
7.355493102603579691e-01
8.354944557369683444e-01
7.163043003878121207e-01
7.858612577188860415e-01
9.978014661620856485e-01
6.277427077293395996e-01
1.673223617455387169e+00
6.964340382304638588e+00
2.700483889822090866e+00
1.676766429368523825e+00
1.130349248110423588e+00
1.012166155593004824e+00
1.003108024597167969e+00
8.293120407004638261e-01
1.643480675158417892e+00
9.905959483579445113e-01
8.466460687382157957e-01
8.078899601806270869e-01
7.309424173019689608e-01
7.152911424636840820e-01
7.623132119565513287e-01
7.268360857808755515e-01
9.370287255661478021e-01
9.260650587012176915e-01
9.058983097006094720e-01
1.215738022764577320e+00
1.815595865249633789e+00
1.827641150521612801e+00
1.100738810505802689e+00
9.790095519180472827e-01
1.945423102693709660e+00
1.378659917581151362e+00
9.765449201832568926e-01
8.676714301109313965e-01
7.923007347041141069e-01
7.307223754124824167e-01
8.919298648793271278e-01
9.710333617300879183e-01
8.295751956340660094e-01
9.528364311398157538e-01
1.557881951332092285e+00
1.653634887495652572e+00
2.492019655056964211e+00
1.379795881332516849e+00
1.870735910144377678e+00
1.214632704732069524e+00
9.645494228278377324e-01
7.934154272079467773e-01
8.396156123732341214e-01
7.635667220724021709e-01
7.914557895059489701e-01
7.277362574796455430e-01
8.317757411709654214e-01
7.288067432699233406e-01
7.228496670722961426e-01
7.474041091213434740e-01
9.400599153902053917e-01
2.626860256814231853e+00
7.564817358494718924e+00
6.328233423017133319e+00
2.826062126029921018e+00
1.720017910003662109e+00
1.778473185617591046e+00
1.369067986186980335e+00
1.060418978674731338e+00
1.099155670547775188e+00
9.427449507386078675e-01
9.443190651521695678e-01
7.501437664031982422e-01
8.486546567980163269e-01
1.092387649759902324e+00
8.255407950305571063e-01
7.920245950391703316e-01
9.776095217322867681e-01
9.729241349232958802e-01
1.101700663566589355e+00
8.360263890075667614e-01
8.588227519999456216e-01
8.027457029614073480e-01
7.691959448401621824e-01
7.436018595043955015e-01
9.956121493268987876e-01
9.080219864845275879e-01
1.391106139453862411e+00
1.206619902513445197e+00
1.844841582595717178e+00
1.513273837601463390e+00
1.793466263774686986e+00
1.203336015322348906e+00
1.497094869613647461e+00
9.781416427930917923e-01
1.439983789923577451e+00
1.083580563768636429e+00
1.583499323097485645e+00
1.097364851093251881e+00
8.991594416347045149e-01
7.623638510704040527e-01
7.693491825902031289e-01
6.946283781726434459e-01
7.511215062708538337e-01
7.447262350508486728e-01
7.185029596674374908e-01
7.592870529504451849e-01
6.882157921791076660e-01
1.389224588114551739e+00
3.227000951574611864e+00
1.788774820084088946e+00
2.121052223931173319e+00
1.331020343636869718e+00
9.227269388281481577e-01
6.748918890953063965e-01
7.464551712066814781e-01
8.358455183234939634e-01
7.799133963214478493e-01
7.190145238704622743e-01
7.762386022714442557e-01
6.867362612842747849e-01
4.582275152206420898e-01
7.079533702440978793e-01
9.168992952234440441e-01
1.581454598258091648e+00
8.891632885805613284e+00
2.633484427442934983e+00
1.371642858594902759e+00
8.588318824768066406e-01
9.657399092287645148e-01
7.717450626178221640e-01
7.837631702858810501e-01
8.085380723861234076e-01
6.721764486261311289e-01
7.659805965593142751e-01
8.466916680335998535e-01
8.404514310284944001e-01
7.454501589214375112e-01
1.244367008623958881e+00
1.278441266667756260e+00
9.849324866335904538e-01
1.000920340317464685e+00
9.089288115501403809e-01
7.630751280596225206e-01
8.469947562899886595e-01
7.035074336262149286e-01
9.007485313785809078e-01
1.496677700389745569e+00
2.819477881923980078e+00
3.073215007781982422e+00
1.119681092664313038e+00
8.811305512223505110e-01
7.849457841715573592e-01
7.656340771542181622e-01
7.302359423030508889e-01
8.275215068777786342e+00
2.315544605255126953e+00
1.459643073552114201e+00
1.012665358323063147e+00
8.644847654961627104e-01
7.341236384899018086e-01
7.248428482896873692e-01
7.779016292255618303e-01
8.152375817298889160e-01
6.602938755837934881e-01
7.542998291754696716e-01
7.598386909949266244e-01
8.047703513395134678e-01
5.977522005766235935e-01
9.082914327877407157e-01
1.099383950233459473e+00
2.214767263482420034e+00
3.016863260004476466e+00
1.901237938998270316e+00
1.114074883639368352e+00
8.100208419420323880e-01
8.367505234418757265e-01
6.509251594543457031e-01
7.898817729286431444e-01
6.635557413055110931e-01
6.566389318819654264e-01
6.633184966498401058e-01
6.248799760957330918e-01
6.485642253037320337e-01
7.774223685264587402e-01
9.210842158565404336e-01
1.619446044769325521e+00
2.141074604201129716e+00
3.099146928564699532e+00
1.877696736017655077e+00
1.383363945735916811e+00
8.937176465988159180e-01
6.587951136941473385e-01
6.930406506478953288e-01
7.914198764282125431e-01
7.218119442200670033e-01
6.965806941236705185e-01
6.791170704173148387e-01
5.244390368461608887e-01
6.351148678301438144e-01
7.983410529074381756e-01
8.969899171628500367e-01
6.388390006746512029e+00
3.186852435409162965e+00
1.710252404645358437e+00
1.485458731651306152e+00
9.185823790222564789e-01
8.633612696086132576e-01
7.752669838071162278e-01
6.624777479398565871e-01
7.017557839997671243e-01
6.210177789447349772e-01
7.511373758316040039e-01
6.693383287995058328e-01
6.622548330014579321e-01
9.511601307276911221e-01
1.023704301402763139e+00
9.222983214464645085e-01
1.537556419968301835e+00
1.396456241607666016e+00
3.064830855646023089e+00
1.550937455065721560e+00
1.074271537811762434e+00
6.850472727766259151e-01
8.122320906460308576e-01
7.251799724660032975e-01
5.925245285034179688e-01
6.174261878775633150e-01
6.385394907438344259e-01
6.320123589587598456e-01
6.984491662896898934e-01
7.459394257386371407e-01
1.018224485209851649e+00
1.087081909179687500e+00
3.236558710305001085e+00
1.871489690017118068e+00
1.256121149322327879e+00
8.501400887310653909e-01
7.168674106255593648e-01
6.767204887252036283e-01
7.551244497299194336e-01
7.574330409942060527e-01
7.359110319695054692e-01
6.706956842431860411e-01
1.421365924266359215e+00
1.386402356964762328e+00
1.390468765806993856e+00
1.028239727020263672e+00
8.521299306966675369e-01
7.705477007131722456e-01
7.674825347341296400e-01
1.372242243782092253e+00
1.774338505915387776e+00
2.443153536659846914e+00
6.916351318359375000e-01
8.838862528271032026e-01
7.633171037383934543e-01
7.118529212908020209e-01
5.985408487533316890e-01
6.231338541244944018e-01
8.713024981881271058e-01
1.051668405532836914e+00
9.291003757127198615e-01
7.613454805238195622e-01
6.728545728852266539e-01
8.413194727533813699e-01
1.287103487545650182e+00
3.319238024360415373e+00
4.534952640533447266e+00
1.733443079832929001e+00
1.023566996058627554e+00
8.342540214837963486e-01
7.622991251576480831e-01
6.378104831458073498e-01
6.439236180046360447e-01
6.050776243209838867e-01
6.411906465653446352e-01
5.311483096036727636e-01
6.232254869126776509e-01
1.029165874376829715e+00
1.295867562374750204e+00
1.936329390748985579e+00
1.825208067893981934e+00
2.063561958640142802e+00
1.630234996215655707e+00
8.465547038078857778e-01
8.240713429962893688e-01
7.064441745924419092e-01
1.069681761675597365e+00
1.058437347412109375e+00
6.865776771239469056e-01
6.439943003923378484e-01
5.961174691377746360e-01
5.990407273402093002e-01
5.257251063346195519e-01
8.028788219549815031e-01
7.633047699928283691e-01
8.428048067110541774e-01
2.409760365221029321e+00
1.669067661313667461e+00
2.623024077595462078e+00
1.761246252402233869e+00
1.087772379811122736e+00
7.067567110061645508e-01
7.930533248603366392e-01
6.474233142598038171e-01
6.660628839707587456e-01
5.842684420255079836e-01
5.767815215844640520e-01
6.640667380462764724e-01
5.024473667144775391e-01
4.723755147636747864e-01
4.676015062886921259e-01
5.511445007668408502e-01
5.865909911371989249e-01
4.876824388135282962e-01
5.346796002155934646e-01
5.089108943939208984e-01
4.587116135550571849e-01
4.709273555436653824e-01
5.472468881764281923e-01
5.086387186407659300e-01
4.517536029093401351e-01
4.580319384081789069e-01
4.083941280841827393e-01
5.090008202414703087e-01
5.132390207151437123e-01
4.809817420420876011e-01
4.627088478045834896e-01
4.802618948733466397e-01
4.201785429761322188e-01
4.439539909362792969e-01
5.049014929283824893e-01
4.697676798881490479e-01
5.587270082486954781e-01
4.386525200844860750e-01
4.446154467147359624e-01
4.647074289955660520e-01
5.430633425712585449e-01
4.436870908250110657e-01
4.486452171165580816e-01
4.780315336799063619e-01
5.208848830784718054e-01
5.218753854860043173e-01
4.963055535639979143e-01
3.593873679637908936e-01
5.052412434365608496e-01
4.009629326518702741e-01
5.328302117538725735e-01
4.682610105248519172e-01
4.888382385438065914e-01
3.966520035743116290e-01
5.299281477928161621e-01
4.741307041272990186e-01
4.788288783487505418e-01
5.108072580935214546e-01
5.140952469240354095e-01
4.377850651384251335e-01
3.987214726735628378e-01
5.221322178840637207e-01
4.047880416957995164e-01
4.006667684942586960e-01
4.241783476252865004e-01
4.364132576968904331e-01
3.893948672515338272e-01
4.897293408659887382e-01
4.335350394248962402e-01
4.157444690460562198e-01
4.127389662887367971e-01
3.713110410461717970e-01
4.006957701374401770e-01
4.636759106831430111e-01
3.788251066704407810e-01
2.213553786277770996e-01
3.696855432868338953e-01
3.883975056402101944e-01
4.331674484108194445e-01
4.097527711722452337e-01
3.981292852374969660e-01
4.058047204724012369e-01
3.733560144901275635e-01
4.112348910867972829e-01
3.901891630616869389e-01
4.436816282602047967e-01
4.365938550342202129e-01
4.200140369214548364e-01
4.821402946971656833e-01
3.598092794418334961e-01
4.094731426297120169e-01
3.550544263441318127e-01
4.016230550810440669e-01
4.292709637736694117e-01
3.707797130773448080e-01
3.563507884074159082e-01
3.310449421405792236e-01
3.942819232152564579e-01
3.885457594598378250e-01
3.250442835051519097e-01
3.487268952710212977e-01
3.885940988401407892e-01
4.019479041324432456e-01
2.372767776250839233e-01
3.471312132917173665e-01
3.930310337520866448e-01
3.801551182721119027e-01
3.511664350389078204e-01
3.678744209920000174e-01
3.972455215724319810e-01
4.066718518733978271e-01
3.690172308394017997e-01
3.410843720375592580e-01
3.771796563299321114e-01
3.907263003494071962e-01
3.442569904817192050e-01
3.547714530117406229e-01
2.496705204248428345e-01
3.856955178608580392e-01
3.855598745516963799e-01
3.406621970152202694e-01
3.148533605284895565e-01
3.669289423403888084e-01
3.682983282448204498e-01
5.930101871490478516e-01
3.539823166485192574e-01
3.822892965715549152e-01
3.546746158092343726e-01
3.882198415265631919e-01
3.535420737812587921e-01
3.701683352329692145e-01
4.592512845993041992e-01
3.365990647242004252e-01
4.028952634424675106e-01
4.021673345506221464e-01
4.071373152024759245e-01
3.258412532574201381e-01
2.992533519568367772e-01
2.043934017419815063e-01
3.428788653661180019e-01
3.836660351394436952e-01
3.345048963194222624e-01
3.410633153094090875e-01
3.383713574786042511e-01
3.516635208526811551e-01
2.566727697849273682e-01
3.539427871167374340e-01
2.724319135311263906e-01
2.971073694989118108e-01
3.324736037441988201e-01
2.973288110986692656e-01
3.383297892726160883e-01
3.806288838386535645e-01
3.405162116727825650e-01
2.711904084753392064e-01
3.921119621377250897e-01
3.463637923195047597e-01
3.503170050277886194e-01
3.379717870419456927e-01
2.691920995712280273e-01
3.321342628391027452e-01
3.088142441631270829e-01
2.866741526434443132e-01
3.171638175176473839e-01
3.673184653738397198e-01
3.741415089196690191e-01
2.103149145841598511e-01
3.169790147349620946e-01
3.547983435042405542e-01
2.864750664506723887e-01
3.588608235093906362e-01
3.975680829145776807e-01
2.816044175953125173e-01
3.489928841590881348e-01
3.168034250306073218e-01
3.253269546724830708e-01
2.822203807845500290e-01
3.358700016582906733e-01
3.071566344489957134e-01
3.051132596012340326e-01
4.667791128158569336e-01
3.131414817359298164e-01
3.244342943625467823e-01
3.045264390596216231e-01
3.225827659126063729e-01
3.217876764848009441e-01
2.764254562795451786e-01
3.129441440105438232e-01
3.260181464758011849e-01
2.819096436718206977e-01
2.840714698644408176e-01
2.789926287864000209e-01
2.788706542838688129e-01
2.885998770640227917e-01
1.417067945003509521e-01
3.739461115277252778e-01
2.976160881551588311e-01
2.511031244460058542e-01
3.335569170217460022e-01
3.010131139880253826e-01
2.880937340909584532e-01
2.130728065967559814e-01
3.127451108889431342e-01
2.420412843617262000e-01
2.991420006552446553e-01
2.922132896844913952e-01
4.030368924942110409e-01
3.089015627293784649e-01
3.254139721393585205e-01
2.342473393445046459e-01
2.949767544601928915e-01
2.922926830304621859e-01
3.184935838529794894e-01
2.941223507507512713e-01
2.924820684223623513e-01
3.072484433650970459e-01
3.109179093217516177e-01
2.598708684817052639e-01
2.417197442271808716e-01
3.107298304626566754e-01
3.090897066547613203e-01
3.215214616554074034e-01
3.243808448314666748e-01
3.144221198924893601e-01
2.754749946458908694e-01
2.893449105499078522e-01
3.246586473957029928e-01
2.710497538180521859e-01
2.824878884393172696e-01
2.747619152069091797e-01
3.242346214922529057e-01
3.165388501953426137e-01
2.915855653821749494e-01
2.979526094008873582e-01
2.265698568511088085e-01
2.567535334354376642e-01
2.617013752460479736e-01
2.823301482969391429e-01
2.619662545051741342e-01
2.485926915520951241e-01
2.801958929695568257e-01
3.583452347417613870e-01
2.995114897512736185e-01
3.697791397571563721e-01
2.966124135991065058e-01
2.755998747400625892e-01
2.668815839166776005e-01
2.649275841131746856e-01
2.245061782495511860e-01
2.511790015741021675e-01
2.511316239833831787e-01
2.444590835300790577e-01
3.122714767960901305e-01
2.423617369787792741e-01
2.787454018291340430e-01
3.009176216125720726e-01
2.748858321445019626e-01
1.990940719842910767e-01
3.056622695149898705e-01
2.956648440476740691e-01
2.359098710146436406e-01
2.512039434465454524e-01
2.676819727438513596e-01
2.993523340251913467e-01
2.944801747798919678e-01
2.703005022556881354e-01
2.882353307120442687e-01
2.782719695823302475e-01
2.733830558493385854e-01
2.995919061141226192e-01
2.785122219453970427e-01
1.609260439872741699e-01
2.483648283254914768e-01
2.881167839245127871e-01
2.704563841589869289e-01
2.496551229667623717e-01
2.403540733626622905e-01
2.392873360223295720e-01
1.074197888374328613e-01
3.157688200221260844e-01
2.531709048188233724e-01
2.552469520468496622e-01
2.371207155845715953e-01
2.052259027711895722e-01
2.693838945722686340e-01
2.536826431751251221e-01
2.333849085370529042e-01
2.362966855582462888e-01
2.538372532664120440e-01
2.334764969954873648e-01
2.717871325885493627e-01
2.721921973247948823e-01
2.540468275547027588e-01
2.329355280316694476e-01
2.310329609142079410e-01
2.519537876714279534e-01
2.887740501347988986e-01
2.269045813034562264e-01
2.148519322023464406e-01
2.787105441093444824e-01
2.804620705150475124e-01
2.284440626752936299e-01
2.361688703118159927e-01
2.227405753255456422e-01
2.826916202435725833e-01
2.258708471866413270e-01
2.210132032632827759e-01
2.155790305917541783e-01
2.405091689874735983e-01
2.293293302754641494e-01
2.267264925670229025e-01
2.128332753769288654e-01
2.333879500238075222e-01
2.072723507881164551e-01
2.491403680028796697e-01
2.490830039806823659e-01
2.031139144106446359e-01
2.273957096118947308e-01
3.028455112895467316e-01
2.648726535509713376e-01
2.161405235528945923e-01
2.314437220357296598e-01
2.278869521962293421e-01
2.561563448058118975e-01
2.317397319503450848e-01
2.292846308832951763e-01
2.271996680699563120e-01
1.046425849199295044e-01
1.900190665947761315e-01
2.437795807587719299e-01
1.982635109205577451e-01
2.629396470816339759e-01
2.370496057703747050e-01
2.223158005005424487e-01
4.483815133571624756e-01
2.245027918342139550e-01
2.707878251874743514e-01
2.641565291169968854e-01
2.352349909984829401e-01
2.369272543290120159e-01
2.226827526848686178e-01
1.901368796825408936e-01
2.291140330606578623e-01
2.272249667302352616e-01
2.183410764655838165e-01
2.071184115395226510e-01
2.435961778488098806e-01
2.409951519268258291e-01
2.286830395460128784e-01
1.742675265537375062e-01
2.033916112716165903e-01
2.443850308627729673e-01
2.085170429352359300e-01
2.328258086341667976e-01
2.240898634369691833e-01
1.887824684381484985e-01
2.343416715326329947e-01
2.221809076210818912e-01
2.525245038333638337e-01
2.205975985253601501e-01
2.346621781256243711e-01
2.084886553498444817e-01
1.225737929344177246e-01
1.756339675281172186e-01
2.011777718174646012e-01
1.982979953261159722e-01
2.150484267248327364e-01
2.148615128959552867e-01
2.358396649883827689e-01
2.160946428775787354e-01
1.859229169441508900e-01
2.090501460875084372e-01
2.279178361084431559e-01
2.009359463040606697e-01
2.184352051924423888e-01
1.960912338619232032e-01
1.247517690062522888e-01
2.537637810726863785e-01
2.469586559014269322e-01
2.370195811603009184e-01
2.235335517413545858e-01
2.055921699983880857e-01
2.099106760444375830e-01
1.996973007917404175e-01
1.901358096297975087e-01
2.025720517323279513e-01
2.249227357590800613e-01
2.057116035825498623e-01
1.692945011943674527e-01
2.251170258406806346e-01
1.385296732187271118e-01
1.824027725154253321e-01
2.626344091692854321e-01
2.424255979622625401e-01
1.721582213499193714e-01
1.874602368664943508e-01
2.461748947356195427e-01
2.481157183647155762e-01
1.879425533242853885e-01
2.174064671456820419e-01
1.670145694995700536e-01
1.892840038110414624e-01
2.574433026601526397e-01
2.226438472185974238e-01
3.050130605697631836e-01
2.126666611822183306e-01
2.394729471523995568e-01
2.693423168880553220e-01
1.998066522481098395e-01
2.315542283387554967e-01
2.001342574893249238e-01
2.083108872175216675e-01
2.269957154022065327e-01
2.064971158314495292e-01
1.802136258288812576e-01
2.372763179517267673e-01
1.829779730989729292e-01
1.831023545443132561e-01
1.900713145732879639e-01
2.157736837131508656e-01
1.957646282983822872e-01
2.651115957430301151e-01
2.076346442464252484e-01
2.055953740159346954e-01
1.790236848186677332e-01
3.746824860572814941e-01
2.063524241455635955e-01
2.003000870734657213e-01
2.183777442477838615e-01
1.758831455282627299e-01
1.851997551483195170e-01
1.797548252417857650e-01
1.893194019794464111e-01
1.932676152962551075e-01
1.552470964072164006e-01
1.930101159712564185e-01
2.170923420045149099e-01
2.381586222124926766e-01
1.912983642332817535e-01
2.298829257488250732e-01
1.959363505927534110e-01
2.265722138118924645e-01
1.855296260847533185e-01
1.794139323984380585e-01
1.730487059777525150e-01
2.313489735978944417e-01
1.095488741993904114e-01
1.950641200813738874e-01
1.862990738859678641e-01
2.002238040194893320e-01
2.051285227653872334e-01
1.830064425989978705e-01
1.995042229674754419e-01
1.797520369291305542e-01
1.816866680464981898e-01
1.845267738849932504e-01
1.932983378523063511e-01
2.170989463010879195e-01
1.563468948300379135e-01
1.937239656010619204e-01
1.166724935173988342e-01
1.941059252342099972e-01
1.615153766826208370e-01
1.939266235201593247e-01
1.559312116869158715e-01
1.577089935284792521e-01
1.861603116841460959e-01
1.609290391206741333e-01
1.773781489899107777e-01
1.960854217051311021e-01
3.588083065155440732e-01
1.891122726929100606e-01
1.981159343024617436e-01
1.570606461743773163e-01
1.467024534940719604e-01
1.794390991674317259e-01
1.725248611567613555e-01
1.610347841979884176e-01
1.780787303407725120e-01
1.679169258392435582e-01
2.054515190467033903e-01
2.412784695625305176e-01
1.702555607146942207e-01
1.582474811057536790e-01
1.670710089579355018e-01
1.597957058943930697e-01
1.653141708924371622e-01
2.091192010713405769e-01
1.368531286716461182e-01
2.054193698390964773e-01
1.656354710222823767e-01
2.348994056322987189e-01
1.855747697406611163e-01
1.817468687431295915e-01
1.789545649607284239e-01
2.229487746953964233e-01
1.538682687871577304e-01
1.583245985088484464e-01
1.938363761983941391e-01
1.554875557267872133e-01
1.782531627616237846e-01
3.157326294810817169e-01
2.083415240049362183e-01
1.687017569502174685e-01
1.919561747591672363e-01
1.958968155016763413e-01
2.152906000994637692e-01
2.081075557674206822e-01
1.746770766120667451e-01
2.038147747516632080e-01
1.887755859890704602e-01
1.531479632124516932e-01
1.779313334723294782e-01
1.644327088055060337e-01
1.459428532373396870e-01
1.794871794596756831e-01
2.284171432256698608e-01
1.774341201101840571e-01
1.696125490852626039e-01
1.624574345880693271e-01
1.727467707422357668e-01
1.627495228254339232e-01
1.881859659278546371e-01
1.670517027378082275e-01
1.736146235309815600e-01
1.691144744205321793e-01
1.401488120622176592e-01
1.430836763335156248e-01
1.656644811464031419e-01
1.981154664253297060e-01
1.609644144773483276e-01
1.474538789047447895e-01
1.570966806069115651e-01
1.691427428585648429e-01
1.287655366921366396e-01
1.895100703461308211e-01
2.583134065173982030e-01
2.253782749176025391e-01
2.386317331287426124e-01
1.898668700323317970e-01
1.939320754946220471e-01
1.684510426878607081e-01
1.423012036004437653e-01
1.288131551965874255e-01
1.289541572332382202e-01
1.343290653113071165e-01
1.582887003941690074e-01
1.158755366748369098e-01
1.547081489236457885e-01
1.612147742140107032e-01
1.447025489086064542e-01
1.175661385059356689e-01
1.233452230660849192e-01
1.467213334677413272e-01
1.286251807220668286e-01
1.385010625221251290e-01
1.608064295709403235e-01
1.543458299697889891e-01
1.252967268228530884e-01
1.896986112342614605e-01
1.945401312486758627e-01
1.808585161550422538e-01
1.600494663708581511e-01
1.631287155613490858e-01
1.757924027240019005e-01
1.298298984766006470e-01
1.646851545714212439e-01
1.581129935938209441e-01
1.686621768090016960e-01
1.835987408124367948e-01
1.667809974908671944e-01
1.856197661249447961e-01
2.128485590219497681e-01
1.535850187878317064e-01
1.580493948812270733e-01
1.459534617049934868e-01
1.888066217890617127e-01
1.676012325193767527e-01
2.024721112307522330e-01
1.459838151931762695e-01
1.422763932307515578e-01
1.442928618801408436e-01
1.349847357812279380e-01
1.522785009299636449e-01
1.845628931017568308e-01
1.406689961676187983e-01
1.174134984612464905e-01
1.930212867306174140e-01
1.762664895346713334e-01
1.389668783428662513e-01
1.291132533987140452e-01
1.518626593495697730e-01
1.475166924680529901e-01
2.053573727607727051e-01
1.611748293897923012e-01
1.740596336073682859e-01
1.983804573654534553e-01
2.360866486469545555e-01
1.697449334701099377e-01
1.815825302507563799e-01
1.438610255718231201e-01
1.553302951075751781e-01
1.491131792268883816e-01
1.634368886930966380e-01
1.333107618701435126e-01
1.284325396630299487e-01
1.359069843124144361e-01
1.517751961946487427e-01
1.823320163699128638e-01
1.468105175521682848e-01
2.018856824682920825e-01
1.371023872937424948e-01
1.275409511354620995e-01
1.610136581691589963e-01
1.405515223741531372e-01
1.585195387883556184e-01
1.078407320505772454e-01
1.489771774155920214e-01
1.637431158531530984e-01
1.876949939670801981e-01
2.478672281437051539e-01
1.619437485933303833e-01
1.464520595924718172e-01
1.619588938955497659e-01
2.212153815448415495e-01
1.285173857599606062e-01
1.575524239970343410e-01
1.588143509435783196e-01
1.151848286390304565e-01
1.357432109425428524e-01
1.605599872487768198e-01
1.449523181498481861e-01
1.339251612318320961e-01
1.369438460725603268e-01
1.585152824812150751e-01
6.301282346248626709e-02
1.583379700467400508e-01
1.661379807239336537e-01
5.485126531618442769e-01
2.114056492615083993e-01
1.659422913744210137e-01
1.384929526223555030e-01
1.141131296753883362e-01
1.409036383716731899e-01
1.329600525685898371e-01
1.408846723414386437e-01
1.508880654007017097e-01
1.347954384918804704e-01
1.241204118956191760e-01
1.429816335439682007e-01
1.191657489404154557e-01
1.553650878336048369e-01
1.279219068547826910e-01
1.583220492526582479e-01
1.370549536907758048e-01
1.236136149000145040e-01
1.331587433815002441e-01
1.197987243752731412e-01
1.313803058752660291e-01
1.473984565434131311e-01
1.308217498476495766e-01
1.320277137956324398e-01
1.580137395115586985e-01
1.425094902515411377e-01
1.319334709618105173e-01
1.372292981530647826e-01
1.251559445596890086e-01
1.435965496182913526e-01
1.221418745203172590e-01
1.831748009009030731e-01
8.906635642051696777e-02
1.671053061232121717e-01
1.422485068140454945e-01
1.328698179876680596e-01
3.196683065496399578e-01
2.144673038640029228e-01
1.879722992429928297e-01
2.103588879108428955e-01
1.522383027029839964e-01
1.123944515790942233e-01
1.669613322801159760e-01
1.216069565873108965e-01
1.425591707189493018e-01
1.179172958370203472e-01
7.815917581319808960e-02
1.086755960796612214e-01
1.153662621401157773e-01
1.173108081565955862e-01
1.172764792297609215e-01
1.299015384456834732e-01
1.545158272940229671e-01
1.165065541863441467e-01
1.209868234436297929e-01
1.214066869240828794e-01
1.130313641047647338e-01
1.424726939736885023e-01
1.267566660262981482e-01
1.199490732043784480e-01
4.853963106870651245e-02
1.635002651779830507e-01
1.096003312216122794e-01
1.089572077196937355e-01
1.093883806325823271e-01
1.341975296956594288e-01
2.532899222222576019e-01
3.567385077476501465e-01
1.878812546438224929e-01
1.639659645169855295e-01
1.471004743168311257e-01
1.258817553053996341e-01
1.571699723322152742e-01
1.594650748927240458e-01
1.904566586017608643e-01
1.229671191910784861e-01
9.589163380494403199e-02
1.562235670398713916e-01
1.244995749311693378e-01
1.287466354083559028e-01
1.297878130133279240e-01
4.858902096748352051e-02
1.298050665779403312e-01
9.786487527583928592e-02
1.120368233245286060e-01
1.363436083771272789e-01
1.454116413079941106e-01
9.911997070427576439e-02
1.773216426372528076e-01
1.279761426406801073e-01
1.421775945343221326e-01
1.184788856296293824e-01
1.320052986729356725e-01
1.507419643070328219e-01
1.650788721386701463e-01
3.370090723037719727e-01
2.979517471843500798e-01
1.495006254642438082e-01
1.736099066710117822e-01
1.371629182105052747e-01
1.566882313936833471e-01
1.192317684225859126e-01
1.346295326948165894e-01
1.098126824202979440e-01
1.325212608634788181e-01
1.268976414699282684e-01
1.341828079593514467e-01
1.412741231593300506e-01
1.003452180259733206e-01
2.291298955678939819e-01
1.066133281752486978e-01
1.215765077564007757e-01
1.333391180591762537e-01
1.404505598423318458e-01
1.236003797077958738e-01
1.261270539242281830e-01
5.884512141346931458e-02
1.037127717975031005e-01
1.299561425084956867e-01
1.085707898509198077e-01
1.324136052140760522e-01
1.373167963054311436e-01
1.451170755483240371e-01
2.565113306045532227e-01
1.979872913449741978e-01
1.692590127605779760e-01
1.633242226226365168e-01
1.108991165337633172e-01
1.150646466407150986e-01
1.497066502182307635e-01
9.245275706052780151e-02
1.087667764057540232e-01
1.132504009886484697e-01
1.073045598862305411e-01
1.469428841242622075e-01
9.542765861259305815e-02
6.795720968759924596e-02
1.741253882646560669e-01
1.229413284064669182e-01
1.306330040112465285e-01
1.280973383541247346e-01
9.424948263879430466e-02
1.499716021837273483e-01
1.874253254210563602e-01
2.176336646080017090e-01
1.870331347360426055e-01
1.722088653826676918e-01
1.227770658635704421e-01
1.247454363546973699e-01
1.014032958640452980e-01
1.114381917769488584e-01
2.290090024471282959e-01
1.357492328419385441e-01
1.053699610019383781e-01
9.841433042583572210e-02
1.252496031610565996e-01
1.289405516289461595e-01
1.048774176366239486e-01
7.741186767816543579e-02
1.274931316545989957e-01
8.918269081154216182e-02
1.204290796917902584e-01
9.455040326443830967e-02
1.025321369927316290e-01
1.095300010559950576e-01
1.710938513278961182e-01
1.177653128623902951e-01
1.496555532929697008e-01
1.538885687990896312e-01
2.460151315414416673e-01
1.988826074964510637e-01
1.395047914871384021e-01
1.448803097009658813e-01
1.531057215715007358e-01
1.142914942729855582e-01
9.913933519876692857e-02
1.201697303897955732e-01
1.112381278601381196e-01
1.050198322079548691e-01
9.670338779687881470e-02
1.055935087434525937e-01
1.083084398408367538e-01
1.220307709859871914e-01
1.254422869191820777e-01
1.046828984285120695e-01
1.106059741302246741e-01
5.000595375895500183e-02
9.625785658252630772e-02
1.157831505832782326e-01
1.285334898720210395e-01
1.236983376859785155e-01
1.056765397421655789e-01
2.633414118329237552e-01
1.360307335853576660e-01
1.217409373972901387e-01
1.058463601026464890e-01
1.128467770105850559e-01
1.067101462661786682e-01
1.331532903674571833e-01
1.141804130062873401e-01
1.073610633611679077e-01
9.877918389491924245e-02
8.328891657365165846e-02
1.222850654407961618e-01
1.038370312653612154e-01
1.444661082965520427e-01
1.398067751038632456e-01
1.776911914348602295e-01
1.106838235500920281e-01
1.283888376330204195e-01
1.000710785817670312e-01
2.210821615086268066e-01
2.871222009603814351e-01
1.318523460525159452e-01
1.973603516817092896e-01
1.250886331124956286e-01
1.031884021002594243e-01
1.260549138870735164e-01
8.546991414419558009e-02
9.190408701064578523e-02
1.065933237356939678e-01
1.335502415895462036e-01
1.135991977927307828e-01
7.897581912398288218e-02
1.077384752346887548e-01
8.206433008257965622e-02
9.506943634194456316e-02
1.240825577028039639e-01
1.060264632105827332e-01
1.306631918609525433e-01
1.145100964859447207e-01
1.146479042821984817e-01
1.102422560664519380e-01
1.589191162966631099e-01
9.354008752261337711e-02
1.576745808124542236e-01
9.054159054851620980e-02
9.329528193023137184e-02
9.334877088316713423e-02
1.025050603528968179e-01
1.099214784578290416e-01
1.437981924234950637e-01
2.570394277572631836e-01
1.669969436074760227e-01
1.373511231251320908e-01
1.086501746837754273e-01
1.350547418722374549e-01
1.031686755832058183e-01
1.098756216106945849e-01
1.338737905025482178e-01
1.011150625638297940e-01
1.054436082169760425e-01
1.032164908901408440e-01
8.507582728906219749e-02
1.284456531536450896e-01
1.216902573935387810e-01
5.996306985616683960e-02
1.247522550112677570e-01
1.193531464986936214e-01
9.895265626156261873e-02
9.903442904947767911e-02
1.031386194839387371e-01
1.004334534366746606e-01
6.897838413715362549e-02
1.105529880780758145e-01
1.043299081241122056e-01
8.904971849426719654e-02
1.308819937765346442e-01
2.788216705993435962e-01
1.615205626650952353e-01
